# File generated by CMD 3.6 (http://stev.oapd.inaf.it/cmd) on Mon Nov  8 13:30:36 CET 2021
# isochrones based on PARSEC release v1.2S +  COLIBRI S_37 + S_35 + PR16
# Basic references: Bressan et al. (2012), MNRAS, 427, 127 + Chen et al. (2014, 2015), MNRAS, 444, 2525 + MNRAS, 452, 1068 + Tang et al. (2014), MNRAS, 445, 4287 + Marigo et al. (2017), ApJ, 835, 77 + Pastorelli al. (2019), MNRAS, 485, 5666 + Pastorelli al. (2020), MNRAS, in press
# Thermal pulse cycles included 
# On RGB, assumed Reimers mass loss with efficiency eta=0.2
# LPV periods and growth rates added cf. Trabucchi et al. (2019)
# but fundamental-mode LPV periods are from Trabucchi et al. (2021)
# Photometric system: Gaia EDR3 (all Vegamags, Gaia passbands from ESA/Gaia website)
# Attention: photometry includes extinction of Av=0.3, with coefficients derived star-by-star, for Cardelli et al 89 + O'Donnell 94 Rv=3.1 extinction curve.
# Using YBC version of bolometric corrections as in Chen et al. (2019)
# O-rich circumstellar dpmod60alox40 dust from Groenewegen (2006)
# C-rich circumstellar AMCSIC15 dust from Groenewegen (2006)
# IMF: Kroupa (2001, 2002) + Kroupa et al. (2013) canonical two-part-power law IMF corrected for unresolved binaries 
# Kind of output: isochrone tables
# Zini     MH   logAge Mini        int_IMF         Mass   logL    logTe  logg  label   McoreTP C_O  period0  period1  period2  period3  period4  pmode  Mloss  tau1m   X   Y   Xc  Xn  Xo  Cexcess  Z 	 mbolmag  Gmag    G_BPmag  G_RPmag
0.015 0.00898 9.69897 0.0900000036 1.0816895962    0.090 -3.423  3.3627  5.218    1  0.000  0.545     0.00     0.00     0.00     0.00     0.00 -1 -3.89e-17      0.00 7.092e-01 2.757e-01 2.709e-03 7.309e-04 6.629e-03 -1.000 1.507e-02 13.328 15.554 18.596 14.049
0.015 0.00898 9.69897 0.1000000089 1.1711064577    0.100 -3.240  3.3887  5.185    1  0.000  0.545     0.00     0.00     0.00     0.00     0.00 -1 -5.85e-17      0.00 7.091e-01 2.759e-01 2.709e-03 7.309e-04 6.629e-03 -1.000 1.507e-02 12.871 15.095 18.124 13.592
0.015 0.00898 9.69897 0.1158832535 1.2915623188    0.116 -3.026  3.4169  5.147    1  0.000  0.545     0.00     0.00     0.00     0.00     0.00 -1 -9.29e-17      0.00 7.087e-01 2.762e-01 2.709e-03 7.309e-04 6.629e-03 -1.000 1.507e-02 12.334 14.544 17.538 13.045
0.015 0.00898 9.69897 0.1200000048 1.3193155527    0.120 -2.975  3.4236  5.138    1  0.000  0.545     0.00     0.00     0.00     0.00     0.00 -1 -1.04e-16      0.00 7.086e-01 2.763e-01 2.709e-03 7.309e-04 6.629e-03 -1.000 1.507e-02 12.207 14.343 17.229 12.861
0.015 0.00898 9.69897 0.1400000006 1.4384527206    0.140 -2.792  3.4437  5.103    1  0.000  0.545     0.00     0.00     0.00     0.00     0.00 -1 -1.53e-16      0.00 7.082e-01 2.767e-01 2.709e-03 7.309e-04 6.629e-03 -1.000 1.507e-02 11.750 13.619 16.132 12.199
0.015 0.00898 9.69897 0.1553238928 1.5156786442    0.155 -2.682  3.4543  5.080    1  0.000  0.545     0.00     0.00     0.00     0.00     0.00 -1 -1.91e-16      0.00 7.080e-01 2.770e-01 2.709e-03 7.309e-04 6.629e-03 -1.000 1.507e-02 11.475 13.213 15.541 11.827
0.015 0.00898 9.69897 0.1599999964 1.5372931957    0.160 -2.651  3.4573  5.074    1  0.000  0.545     0.00     0.00     0.00     0.00     0.00 -1 -2.04e-16      0.00 7.079e-01 2.770e-01 2.709e-03 7.309e-04 6.629e-03 -1.000 1.507e-02 11.397 13.097 15.371 11.721
0.015 0.00898 9.69897 0.2000000179 1.6938792467    0.200 -2.434  3.4760  5.029    1  0.000  0.545     0.00     0.00     0.00     0.00     0.00 -1 -3.17e-16      0.00 7.073e-01 2.777e-01 2.709e-03 7.309e-04 6.629e-03 -1.000 1.507e-02 10.855 12.344 14.322 11.029
0.015 0.00898 9.69897 0.2500000000 1.8403258324    0.250 -2.227  3.4924  4.985    1  0.000  0.545     0.00     0.00     0.00     0.00     0.00 -1 -4.79e-16      0.00 7.067e-01 2.783e-01 2.709e-03 7.309e-04 6.629e-03 -1.000 1.507e-02 10.339 11.658 13.401 10.399
0.015 0.00898 9.69897 0.3000000119 1.9529139996    0.300 -2.066  3.5031  4.945    1  0.000  0.545     0.00     0.00     0.00     0.00     0.00 -1 -4.71e-16      0.00 7.064e-01 2.785e-01 2.709e-03 7.309e-04 6.629e-03 -1.000 1.507e-02 9.935 11.162 12.785 9.936
0.015 0.00898 9.69897 0.3052468300 1.9633036852    0.305 -2.049  3.5041  4.940    1  0.000  0.545     0.00     0.00     0.00     0.00     0.00 -1 -5.14e-16      0.00 7.069e-01 2.781e-01 2.709e-03 7.309e-04 6.629e-03 -1.000 1.507e-02 9.892 11.111 12.724 9.888
0.015 0.00898 9.69897 0.3500000238 2.0434176922    0.350 -1.911  3.5117  4.892    1  0.000  0.545     0.00     0.00     0.00     0.00     0.00 -1 -9.34e-16      0.00 7.096e-01 2.753e-01 2.709e-03 7.309e-04 6.629e-03 -1.000 1.507e-02 9.547 10.707 12.243 9.506
0.015 0.00898 9.69897 0.3717191815 2.0776438713    0.372 -1.846  3.5167  4.873    1  0.000  0.545     0.00     0.00     0.00     0.00     0.00 -1 -1.07e-15      0.00 7.097e-01 2.753e-01 2.709e-03 7.309e-04 6.629e-03 -1.000 1.507e-02 9.386 10.508 11.997 9.321
0.015 0.00898 9.69897 0.4000000358 2.1185026169    0.400 -1.768  3.5228  4.851    1  0.000  0.545     0.00     0.00     0.00     0.00     0.00 -1 -1.27e-15      0.00 7.097e-01 2.752e-01 2.709e-03 7.309e-04 6.629e-03 -1.000 1.507e-02 9.189 10.267 11.703 9.098
0.015 0.00898 9.69897 0.4500000477 2.1822810173    0.450 -1.618  3.5349  4.801    1  0.000  0.545     0.00     0.00     0.00     0.00     0.00 -1  -1.8e-15      0.00 7.098e-01 2.751e-01 2.709e-03 7.309e-04 6.629e-03 -1.000 1.507e-02 8.816 9.815 11.156 8.679
0.015 0.00898 9.69897 0.5000000000 2.2374541759    0.500 -1.462  3.5499  4.751    1  0.000  0.545     0.00     0.00     0.00     0.00     0.00 -1 -2.58e-15      0.00 7.098e-01 2.751e-01 2.709e-03 7.309e-04 6.629e-03 -1.000 1.507e-02 8.425 9.335 10.573 8.238
0.015 0.00898 9.69897 0.5252925158 2.2620904446    0.525 -1.375  3.5598  4.725    1  0.000  0.545     0.00     0.00     0.00     0.00     0.00 -1 -3.17e-15      0.00 7.155e-01 2.697e-01 2.659e-03 7.174e-04 6.506e-03 -1.000 1.480e-02 8.208 9.059 10.231 7.990
0.015 0.00898 9.69897 0.5500000119 2.2836582661    0.550 -1.294  3.5692  4.701    1  0.000  0.545     0.00     0.00     0.00     0.00     0.00 -1 -3.84e-15      0.00 7.215e-01 2.640e-01 2.607e-03 7.033e-04 6.379e-03 -1.000 1.450e-02 8.005 8.800 9.914 7.758
0.015 0.00898 9.69897 0.6000000238 2.3211214542    0.600 -1.127  3.5930  4.667    1  0.000  0.545     0.00     0.00     0.00     0.00     0.00 -1 -5.62e-15      0.00 7.232e-01 2.623e-01 2.592e-03 6.995e-04 6.345e-03 -1.000 1.447e-02 7.587 8.255 9.237 7.277
0.015 0.00898 9.69897 0.6499999762 2.3520355225    0.650 -0.958  3.6217  4.647    1  0.000  0.545     0.00     0.00     0.00     0.00     0.00 -1 -8.15e-15      0.00 7.249e-01 2.607e-01 2.579e-03 6.959e-04 6.313e-03 -1.000 1.438e-02 7.165 7.700 8.550 6.795
0.015 0.00898 9.69897 0.7000000477 2.3779268265    0.700 -0.795  3.6511  4.635    1  0.000  0.544     0.00     0.00     0.00     0.00     0.00 -1 -1.16e-14      0.00 7.264e-01 2.593e-01 2.566e-03 6.925e-04 6.283e-03 -1.000 1.426e-02 6.758 7.157 7.873 6.334
0.015 0.00898 9.69897 0.7281954288 2.3907377720    0.728 -0.706  3.6676  4.629    1  0.000  0.540     0.00     0.00     0.00     0.00     0.00 -1  -1.4e-14      0.00 7.274e-01 2.584e-01 2.538e-03 6.899e-04 6.265e-03 -1.000 1.422e-02 6.535 6.865 7.514 6.087
0.015 0.00898 9.69897 0.7500000000 2.3998889923    0.750 -0.639  3.6799  4.624    1  0.000  0.537     0.00     0.00     0.00     0.00     0.00 -1 -1.62e-14      0.00 7.281e-01 2.577e-01 2.518e-03 6.880e-04 6.252e-03 -1.000 1.422e-02 6.367 6.651 7.258 5.905
0.015 0.00898 9.69897 0.7909125686 2.4155044556    0.791 -0.520  3.6979  4.600    1  0.000  0.537     0.00     0.00     0.00     0.00     0.00 -1 -2.13e-14      0.00 7.301e-01 2.558e-01 2.502e-03 6.837e-04 6.213e-03 -1.000 1.414e-02 6.071 6.304 6.855 5.600
0.015 0.00898 9.69897 0.8000000715 2.4187245369    0.800 -0.495  3.7018  4.595    1  0.000  0.537     0.00     0.00     0.00     0.00     0.00 -1 -2.26e-14      0.00 7.305e-01 2.553e-01 2.499e-03 6.827e-04 6.205e-03 -1.000 1.413e-02 6.006 6.230 6.770 5.534
0.015 0.00898 9.69897 0.8051716089 2.4205198288    0.805 -0.480  3.7039  4.591    1  0.000  0.537     0.00     0.00     0.00     0.00     0.00 -1 -2.34e-14      0.00 7.308e-01 2.551e-01 2.497e-03 6.821e-04 6.199e-03 -1.000 1.411e-02 5.970 6.188 6.722 5.497
0.015 0.00898 9.69897 0.8429482579 2.4328689575    0.842 -0.374  3.7193  4.566    1  0.000  0.537     0.00     0.00     0.00     0.00     0.00 -1 -3.01e-14      0.00 7.330e-01 2.530e-01 2.479e-03 6.775e-04 6.158e-03 -1.000 1.402e-02 5.704 5.890 6.384 5.233
0.015 0.00898 9.69897 0.8500000238 2.4350347519    0.849 -0.354  3.7220  4.562    1  0.000  0.537     0.00     0.00     0.00     0.00     0.00 -1 -3.15e-14      0.00 7.333e-01 2.526e-01 2.476e-03 6.767e-04 6.150e-03 -1.000 1.401e-02 5.655 5.836 6.324 5.185
0.015 0.00898 9.69897 0.8589804769 2.4377338886    0.858 -0.329  3.7254  4.555    1  0.000  0.537     0.00     0.00     0.00     0.00     0.00 -1 -3.35e-14      0.00 7.340e-01 2.520e-01 2.471e-03 6.753e-04 6.137e-03 -1.000 1.397e-02 5.593 5.769 6.248 5.124
0.015 0.00898 9.69897 0.8919518590 2.4471096992    0.891 -0.239  3.7374  4.528    1  0.000  0.537     0.00     0.00     0.00     0.00     0.00 -1 -4.17e-14      0.00 7.363e-01 2.498e-01 2.452e-03 6.701e-04 6.092e-03 -1.000 1.383e-02 5.367 5.524 5.975 4.904
0.015 0.00898 9.69897 0.8999999762 2.4492788315    0.899 -0.217  3.7402  4.521    1  0.000  0.537     0.00     0.00     0.00     0.00     0.00 -1  -4.4e-14      0.00 7.369e-01 2.493e-01 2.447e-03 6.689e-04 6.080e-03 -1.000 1.381e-02 5.312 5.465 5.910 4.851
0.015 0.00898 9.69897 0.9013636112 2.4496417046    0.901 -0.213  3.7406  4.520    1  0.000  0.537     0.00     0.00     0.00     0.00     0.00 -1 -4.44e-14      0.00 7.370e-01 2.491e-01 2.446e-03 6.686e-04 6.078e-03 -1.000 1.381e-02 5.302 5.455 5.899 4.843
0.015 0.00898 9.69897 0.9201124310 2.4545087814    0.919 -0.162  3.7468  4.502    1  0.000  0.536     0.00     0.00     0.00     0.00     0.00 -1 -5.05e-14      0.00 7.387e-01 2.475e-01 2.432e-03 6.649e-04 6.045e-03 -1.000 1.373e-02 5.174 5.321 5.750 4.723
0.015 0.00898 9.69897 0.9376887083 2.4588687420    0.937 -0.114  3.7523  4.485    1  0.000  0.536     0.00     0.00     0.00     0.00     0.00 -1 -5.71e-14      0.00 7.404e-01 2.460e-01 2.419e-03 6.613e-04 6.012e-03 -1.000 1.367e-02 5.054 5.197 5.613 4.611
0.015 0.00898 9.69897 0.9499999881 2.4618122578    0.949 -0.080  3.7561  4.472    1  0.000  0.536     0.00     0.00     0.00     0.00     0.00 -1 -6.22e-14      0.00 7.415e-01 2.448e-01 2.409e-03 6.588e-04 5.990e-03 -1.000 1.362e-02 4.970 5.111 5.518 4.533
0.015 0.00898 9.69897 0.9541663527 2.4627888203    0.954 -0.069  3.7573  4.467    1  0.000  0.536     0.00     0.00     0.00     0.00     0.00 -1  -6.4e-14      0.00 7.420e-01 2.444e-01 2.405e-03 6.577e-04 5.980e-03 -1.000 1.360e-02 4.942 5.082 5.486 4.506
0.015 0.00898 9.69897 0.9695330262 2.4663066864    0.969 -0.027  3.7615  4.449    1  0.000  0.536     0.00     0.00     0.00     0.00     0.00 -1 -7.15e-14      0.00 7.439e-01 2.425e-01 2.390e-03 6.535e-04 5.942e-03 -1.000 1.354e-02 4.837 4.974 5.369 4.408
0.015 0.00898 9.69897 0.9840767384 2.4695203304    0.984  0.013  3.7654  4.431    1  0.000  0.536     0.00     0.00     0.00     0.00     0.00 -1 -7.94e-14      0.00 7.458e-01 2.407e-01 2.374e-03 6.493e-04 5.905e-03 -1.000 1.347e-02 4.737 4.874 5.259 4.316
0.015 0.00898 9.69897 0.9984478354 2.4725899696    0.998  0.052  3.7691  4.413    1  0.000  0.536     0.00     0.00     0.00     0.00     0.00 -1 -8.81e-14      0.00 7.478e-01 2.388e-01 2.358e-03 6.450e-04 5.867e-03 -1.000 1.339e-02 4.639 4.774 5.151 4.224
0.015 0.00898 9.69897 1.0000000000 2.4729156494    1.000  0.057  3.7695  4.411    1  0.000  0.536     0.00     0.00     0.00     0.00     0.00 -1 -8.91e-14      0.00 7.480e-01 2.386e-01 2.357e-03 6.446e-04 5.863e-03 -1.000 1.338e-02 4.628 4.763 5.140 4.214
0.015 0.00898 9.69897 1.0135132074 2.4757008553    1.013  0.094  3.7726  4.392    1  0.000  0.536     0.00     0.00     0.00     0.00     0.00 -1 -9.65e-14      0.00 7.504e-01 2.363e-01 2.337e-03 6.392e-04 5.815e-03 -1.000 1.326e-02 4.535 4.670 5.039 4.128
0.015 0.00898 9.69897 1.0274151564 2.4784786701    1.027  0.132  3.7757  4.372    1  0.000  0.536     0.00     0.00     0.00     0.00     0.00 -1 -1.05e-13      0.00 7.531e-01 2.338e-01 2.315e-03 6.334e-04 5.763e-03 -1.000 1.313e-02 4.439 4.573 4.935 4.039
0.015 0.00898 9.69897 1.0410137177 2.4811134338    1.040  0.170  3.7785  4.351    1  0.000  0.535     0.00     0.00     0.00     0.00     0.00 -1 -1.14e-13      0.00 7.558e-01 2.312e-01 2.293e-03 6.276e-04 5.710e-03 -1.000 1.298e-02 4.346 4.479 4.834 3.951
0.015 0.00898 9.69897 1.0499999523 2.4828116894    1.049  0.195  3.7803  4.337    1  0.000  0.535     0.00     0.00     0.00     0.00     0.00 -1 -1.21e-13      0.00 7.576e-01 2.295e-01 2.278e-03 6.235e-04 5.674e-03 -1.000 1.292e-02 4.284 4.417 4.768 3.893
0.015 0.00898 9.69897 1.0543662310 2.4836246967    1.053  0.207  3.7810  4.330    1  0.000  0.535     0.00     0.00     0.00     0.00     0.00 -1 -1.24e-13      0.00 7.588e-01 2.283e-01 2.269e-03 6.209e-04 5.651e-03 -1.000 1.288e-02 4.254 4.387 4.737 3.865
0.015 0.00898 9.69897 1.0672361851 2.4859769344    1.066  0.241  3.7831  4.309    1  0.000  0.535     0.00     0.00     0.00     0.00     0.00 -1 -1.34e-13      0.00 7.624e-01 2.249e-01 2.240e-03 6.132e-04 5.581e-03 -1.000 1.275e-02 4.166 4.300 4.645 3.782
0.015 0.00898 9.69897 1.0796618462 2.4881868362    1.079  0.274  3.7847  4.288    1  0.000  0.535     0.00     0.00     0.00     0.00     0.00 -1 -1.44e-13      0.00 7.659e-01 2.215e-01 2.212e-03 6.057e-04 5.513e-03 -1.000 1.258e-02 4.085 4.219 4.561 3.705
0.015 0.00898 9.69897 1.0911644697 2.4901809692    1.090  0.303  3.7858  4.267    1  0.000  0.535     0.00     0.00     0.00     0.00     0.00 -1 -1.54e-13      0.00 7.691e-01 2.185e-01 2.187e-03 5.989e-04 5.453e-03 -1.000 1.244e-02 4.011 4.145 4.484 3.634
0.015 0.00898 9.69897 1.1000000238 2.4916803837    1.099  0.328  3.7868  4.250    1  0.000  0.535     0.00     0.00     0.00     0.00     0.00 -1 -1.64e-13      0.00 7.713e-01 2.164e-01 2.170e-03 5.942e-04 5.411e-03 -1.000 1.233e-02 3.950 4.083 4.421 3.575
0.015 0.00898 9.69897 1.1078925133 2.4929962158    1.107  0.350  3.7876  4.234    1  0.000  0.534     0.00     0.00     0.00     0.00     0.00 -1 -1.72e-13      0.00 7.718e-01 2.159e-01 2.168e-03 5.941e-04 5.409e-03 -1.000 1.232e-02 3.894 4.028 4.363 3.521
0.015 0.00898 9.69897 1.1234755516 2.4955325127    1.122  0.396  3.7892  4.201    1  0.000  0.534     0.00     0.00     0.00     0.00     0.00 -1 -1.92e-13      0.00 7.707e-01 2.169e-01 2.183e-03 5.987e-04 5.448e-03 -1.000 1.240e-02 3.779 3.912 4.244 3.410
0.015 0.00898 9.69897 1.1252634525 2.4958181381    1.124  0.402  3.7894  4.197    1  0.000  0.534     0.00     0.00     0.00     0.00     0.00 -1 -1.95e-13      0.00 7.705e-01 2.171e-01 2.185e-03 5.993e-04 5.454e-03 -1.000 1.241e-02 3.765 3.899 4.230 3.397
0.015 0.00898 9.69897 1.1365061998 2.4975917339    1.135  0.436  3.7902  4.169    1  0.000  0.534     0.00     0.00     0.00     0.00     0.00 -1 -2.12e-13      0.00 7.694e-01 2.181e-01 2.198e-03 6.031e-04 5.487e-03 -1.000 1.250e-02 3.679 3.813 4.142 3.312
0.015 0.00898 9.69897 1.1495683193 2.4996023178    1.148  0.478  3.7906  4.135    1  0.000  0.534     0.00     0.00     0.00     0.00     0.00 -1 -2.36e-13      0.00 7.683e-01 2.191e-01 2.210e-03 6.069e-04 5.519e-03 -1.000 1.258e-02 3.576 3.709 4.037 3.210
0.015 0.00898 9.69897 1.1499999762 2.4996678829    1.149  0.479  3.7906  4.134    1  0.000  0.534     0.00     0.00     0.00     0.00     0.00 -1 -2.37e-13      0.00 7.683e-01 2.191e-01 2.211e-03 6.070e-04 5.520e-03 -1.000 1.258e-02 3.572 3.706 4.034 3.207
0.015 0.00898 9.69897 1.1573675871 2.5007779598    1.156  0.503  3.7901  4.110    1  0.000  0.534     0.00     0.00     0.00     0.00     0.00 -1 -2.53e-13      0.00 7.676e-01 2.198e-01 2.220e-03 6.092e-04 5.545e-03 -1.000 1.262e-02 3.511 3.645 3.974 3.145
0.015 0.00898 9.69897 1.1624231339 2.5015304089    1.161  0.524  3.7897  4.089    1  0.000  0.534     0.00     0.00     0.00     0.00     0.00 -1 -2.69e-13      0.00 7.668e-01 2.205e-01 2.229e-03 6.113e-04 5.568e-03 -1.000 1.270e-02 3.459 3.592 3.922 3.091
0.015 0.00898 9.69897 1.1641461849 2.5017850399    1.163  0.534  3.7897  4.080    1  0.000  0.534     0.00     0.00     0.00     0.00     0.00 -1 -2.78e-13      0.00 7.665e-01 2.208e-01 2.232e-03 6.121e-04 5.577e-03 -1.000 1.270e-02 3.435 3.568 3.898 3.068
0.015 0.00898 9.69897 1.1679708958 2.5023474693    1.167  0.548  3.7889  4.065    2  0.000  0.534     0.00     0.00     0.00     0.00     0.00 -1 -2.89e-13      0.00 7.657e-01 2.215e-01 2.241e-03 6.143e-04 5.599e-03 -1.000 1.274e-02 3.400 3.533 3.864 3.031
0.015 0.00898 9.69897 1.1720010042 2.5029354095    1.171  0.560  3.7880  4.050    2  0.000  0.534     0.00     0.00     0.00     0.00     0.00 -1 -2.99e-13      0.00 7.645e-01 2.227e-01 2.253e-03 6.173e-04 5.629e-03 -1.000 1.280e-02 3.369 3.502 3.835 2.998
0.015 0.00898 9.69897 1.1766842604 2.5036127567    1.175  0.575  3.7869  4.033    2  0.000  0.534     0.00     0.00     0.00     0.00     0.00 -1 -3.12e-13      0.00 7.629e-01 2.242e-01 2.266e-03 6.207e-04 5.663e-03 -1.000 1.289e-02 3.333 3.466 3.801 2.959
0.015 0.00898 9.69897 1.1826946735 2.5044732094    1.181  0.594  3.7852  4.009    2  0.000  0.534     0.00     0.00     0.00     0.00     0.00 -1  -3.3e-13      0.00 7.614e-01 2.256e-01 2.280e-03 6.240e-04 5.696e-03 -1.000 1.296e-02 3.285 3.418 3.756 2.908
0.015 0.00898 9.69897 1.1887763739 2.5053334236    1.187  0.614  3.7831  3.983    2  0.000  0.534     0.00     0.00     0.00     0.00     0.00 -1 -3.51e-13      0.00 7.610e-01 2.260e-01 2.285e-03 6.250e-04 5.709e-03 -1.000 1.298e-02 3.235 3.367 3.710 2.853
0.015 0.00898 9.69897 1.1953890324 2.5062575340    1.194  0.637  3.7799  3.950    2  0.000  0.533     0.00     0.00     0.00     0.00     0.00 -1 -3.78e-13      0.00 7.615e-01 2.255e-01 2.283e-03 6.241e-04 5.707e-03 -1.000 1.297e-02 3.179 3.311 3.660 2.790
0.015 0.00898 9.69897 1.2000000477 2.5068950653    1.199  0.650  3.7759  3.922    2  0.000  0.534     0.00     0.00     0.00     0.00     0.00 -1 -3.99e-13      0.00 7.552e-01 2.315e-01 2.327e-03 6.356e-04 5.812e-03 -1.000 1.324e-02 3.145 3.278 3.636 2.748
0.015 0.00898 9.69897 1.2039620876 2.5074381828    1.203  0.659  3.7718  3.899    2  0.000  0.534     0.00     0.00     0.00     0.00     0.00 -1 -4.14e-13      0.00 7.495e-01 2.370e-01 2.367e-03 6.464e-04 5.910e-03 -1.000 1.348e-02 3.123 3.258 3.624 2.718
0.015 0.00898 9.69897 1.2110712528 2.5084028244    1.210  0.653  3.7571  3.848    2  0.000  0.535     0.00     0.00     0.00     0.00     0.00 -1 -4.28e-13      0.00 7.352e-01 2.507e-01 2.477e-03 6.753e-04 6.173e-03 -1.000 1.404e-02 3.137 3.280 3.679 2.708
0.015 0.00898 9.69897 1.2146298885 2.5088806152    1.213  0.632  3.7446  3.820    2  0.000  0.535     0.00     0.00     0.00     0.00     0.00 -1 -4.18e-13      0.00 7.277e-01 2.579e-01 2.535e-03 6.905e-04 6.311e-03 -1.000 1.435e-02 3.189 3.342 3.769 2.745
0.015 0.00898 9.69897 1.2167695761 2.5091664791    1.215  0.614  3.7352  3.802    2  0.000  0.536     0.00     0.00     0.00     0.00     0.00 -1 -4.07e-13      0.00 7.237e-01 2.618e-01 2.565e-03 6.986e-04 6.385e-03 -1.000 1.451e-02 3.235 3.400 3.847 2.784
0.015 0.00898 9.69897 1.2185492516 2.5094032288    1.217  0.600  3.7269  3.782    2  0.000  0.536     0.00     0.00     0.00     0.00     0.00 -1 -4.02e-13      0.00 7.210e-01 2.644e-01 2.585e-03 7.039e-04 6.433e-03 -1.000 1.460e-02 3.269 3.447 3.912 2.814
0.015 0.00898 9.69897 1.2201908827 2.5096211433    1.219  0.594  3.7195  3.760    2  0.000  0.536     0.00     0.00     0.00     0.00     0.00 -1 -4.04e-13      0.00 7.189e-01 2.664e-01 2.600e-03 7.077e-04 6.467e-03 -1.000 1.465e-02 3.286 3.476 3.958 2.829
0.015 0.00898 9.69897 1.2221015692 2.5098736286    1.221  0.599  3.7122  3.726    2  0.000  0.536     0.00     0.00     0.00     0.00     0.00 -1 -4.22e-13      0.00 7.168e-01 2.684e-01 2.613e-03 7.110e-04 6.498e-03 -1.000 1.474e-02 3.272 3.477 3.975 2.815
0.015 0.00898 9.69897 1.2242403030 2.5101554394    1.223  0.623  3.7063  3.679    2  0.000  0.536     0.00     0.00     0.00     0.00     0.00 -1 -4.66e-13      0.00 7.146e-01 2.706e-01 2.622e-03 7.139e-04 6.524e-03 -1.000 1.478e-02 3.212 3.430 3.942 2.756
0.015 0.00898 9.69897 1.2250385284 2.5102601051    1.224  0.635  3.7045  3.661    2  0.000  0.536     0.00     0.00     0.00     0.00     0.00 -1 -4.88e-13      0.00 7.138e-01 2.714e-01 2.625e-03 7.149e-04 6.532e-03 -1.000 1.482e-02 3.183 3.405 3.921 2.727
0.015 0.00898 9.69897 1.2263462543 2.5104315281    1.225  0.660  3.7025  3.628    3  0.000  0.534     0.00     0.00     0.00     0.00     0.00 -1 -5.35e-13      0.00 7.122e-01 2.729e-01 2.621e-03 7.183e-04 6.543e-03 -1.000 1.486e-02 3.120 3.347 3.869 2.666
0.015 0.00898 9.69897 1.2282471657 2.5106799603    1.227  0.699  3.6999  3.579    3  0.000  0.526     0.00     0.00     0.00     0.00     0.00 -1 -6.15e-13      0.00 7.097e-01 2.754e-01 2.589e-03 7.443e-04 6.557e-03 -1.000 1.489e-02 3.022 3.255 3.782 2.568
0.015 0.00898 9.69897 1.2301976681 2.5109341145    1.229  0.744  3.6979  3.527    3  0.000  0.507     0.00     0.00     0.00     0.00     0.00 -1  -7.2e-13      0.00 7.067e-01 2.784e-01 2.497e-03 8.322e-04 6.569e-03 -1.000 1.493e-02 2.909 3.148 3.680 2.457
0.015 0.00898 9.69897 1.2318031788 2.5111424923    1.230  0.784  3.6964  3.481    3  0.000  0.482     0.00     0.00     0.00     0.00     0.00 -1 -8.29e-13      0.00 7.040e-01 2.810e-01 2.379e-03 9.719e-04 6.578e-03 -1.000 1.499e-02 2.809 3.051 3.587 2.358
0.015 0.00898 9.69897 1.2335877419 2.5113732815    1.232  0.833  3.6948  3.427    3  0.000  0.458     0.00     0.00     0.00     0.00     0.00 -1 -9.83e-13      0.00 7.009e-01 2.841e-01 2.262e-03 1.119e-03 6.586e-03 -1.000 1.501e-02 2.688 2.934 3.474 2.237
0.015 0.00898 9.69897 1.2349474430 2.5115487576    1.234  0.873  3.6935  3.382    3  0.000  0.445     0.00     0.00     0.00     0.00     0.00 -1 -1.13e-12      0.00 6.987e-01 2.863e-01 2.198e-03 1.200e-03 6.590e-03 -1.000 1.505e-02 2.587 2.837 3.380 2.137
0.015 0.00898 9.69897 1.2365125418 2.5117499828    1.235  0.923  3.6919  3.327    3  0.000  0.433     0.00     0.00     0.00     0.00     0.00 -1 -1.35e-12      0.00 6.964e-01 2.886e-01 2.142e-03 1.271e-03 6.594e-03 -1.000 1.504e-02 2.463 2.717 3.264 2.014
0.015 0.00898 9.69897 1.2376551628 2.5118966103    1.236  0.963  3.6907  3.282    3  0.000  0.427     0.00     0.00     0.00     0.00     0.00 -1 -1.55e-12      0.00 6.950e-01 2.899e-01 2.111e-03 1.310e-03 6.597e-03 -1.000 1.506e-02 2.364 2.621 3.171 1.915
0.015 0.00898 9.69897 1.2390114069 2.5120704174    1.238  1.013  3.6889  3.225    3  0.000  0.421     0.00     0.00     0.00     0.00     0.00 -1 -1.86e-12      0.00 6.936e-01 2.913e-01 2.084e-03 1.344e-03 6.599e-03 -1.000 1.507e-02 2.236 2.498 3.054 1.789
0.015 0.00898 9.69897 1.2401505709 2.5122158527    1.239  1.060  3.6872  3.171    3  0.000  0.418     0.00     0.00     0.00     0.00     0.00 -1 -2.19e-12      0.00 6.927e-01 2.922e-01 2.067e-03 1.365e-03 6.600e-03 -1.000 1.507e-02 2.119 2.386 2.946 1.673
0.015 0.00898 9.69897 1.2412343025 2.5123538971    1.240  1.110  3.6853  3.115    3  0.000  0.415     0.00     0.00     0.00     0.00     0.00 -1 -2.61e-12      0.00 6.921e-01 2.928e-01 2.055e-03 1.380e-03 6.602e-03 -1.000 1.507e-02 1.996 2.269 2.834 1.552
0.015 0.00898 9.69897 1.2422075272 2.5124778748    1.241  1.158  3.6833  3.059    3  0.000  0.414     0.00     0.00     0.00     0.00     0.00 -1 -3.11e-12      0.00 6.917e-01 2.932e-01 2.048e-03 1.389e-03 6.603e-03 -1.000 1.507e-02 1.875 2.153 2.724 1.432
0.015 0.00898 9.69897 1.2431044579 2.5125918388    1.241  1.208  3.6812  3.001    3  0.000  0.413     0.00     0.00     0.00     0.00     0.00 -1 -3.71e-12      0.00 6.915e-01 2.935e-01 2.044e-03 1.394e-03 6.603e-03 -1.000 1.507e-02 1.751 2.036 2.612 1.310
0.015 0.00898 9.69897 1.2438715696 2.5126891136    1.242  1.254  3.6791  2.947    3  0.000  0.412     0.00     0.00     0.00     0.00     0.00 -1 -4.39e-12      0.00 6.914e-01 2.936e-01 2.042e-03 1.397e-03 6.603e-03 -1.000 1.507e-02 1.635 1.926 2.508 1.196
0.015 0.00898 9.69897 1.2445765734 2.5127782822    1.243  1.301  3.6770  2.891    3  0.000  0.412     0.00     0.00     0.00     0.00     0.00 -1 -5.21e-12      0.00 6.913e-01 2.936e-01 2.041e-03 1.398e-03 6.604e-03 -1.000 1.507e-02 1.518 1.816 2.404 1.081
0.015 0.00898 9.69897 1.2452094555 2.5128583908    1.243  1.347  3.6748  2.837    3  0.000  0.412     0.00     0.00     0.00     0.00     0.00 -1 -6.15e-12      0.00 6.913e-01 2.936e-01 2.040e-03 1.398e-03 6.604e-03 -1.000 1.507e-02 1.403 1.709 2.303 0.969
0.015 0.00898 9.69897 1.2457910776 2.5129318237    1.244  1.392  3.6725  2.782    3  0.000  0.412     0.00     0.00     0.00     0.00     0.00 -1 -7.27e-12      0.00 6.913e-01 2.936e-01 2.040e-03 1.399e-03 6.604e-03 -1.000 1.507e-02 1.289 1.602 2.202 0.858
0.015 0.00898 9.69897 1.2463083267 2.5129971504    1.244  1.436  3.6703  2.730    3  0.000  0.412     0.00     0.00     0.00     0.00     0.00 -1 -8.53e-12      0.00 6.914e-01 2.936e-01 2.040e-03 1.399e-03 6.604e-03 -1.000 1.507e-02 1.179 1.500 2.106 0.751
0.015 0.00898 9.69897 1.2467858791 2.5130572319    1.245  1.479  3.6680  2.678    3  0.000  0.412     0.00     0.00     0.00     0.00     0.00 -1    -1e-11      0.00 6.914e-01 2.936e-01 2.040e-03 1.399e-03 6.604e-03 -1.000 1.507e-02 1.072 1.400 2.013 0.646
0.015 0.00898 9.69897 1.2472347021 2.5131137371    1.245  1.522  3.6657  2.626    3  0.000  0.412     0.00     0.00     0.00     0.00     0.00 -1 -1.17e-11      0.00 6.914e-01 2.936e-01 2.039e-03 1.400e-03 6.604e-03 -1.000 1.507e-02 0.965 1.302 1.922 0.543
0.015 0.00898 9.69897 1.2476658821 2.5131680965    1.246  1.562  3.6635  2.577    3  0.000  0.412     0.00     0.00     0.00     0.00     0.00 -1 -1.36e-11      0.00 6.914e-01 2.936e-01 2.039e-03 1.400e-03 6.605e-03 -1.000 1.507e-02 0.864 1.209 1.835 0.446
0.015 0.00898 9.69897 1.2482099533 2.5132365227    1.246  1.600  3.6614  2.532    3  0.000  0.411     0.00     0.00     0.00     0.00     0.00 -1 -1.56e-11      0.00 6.914e-01 2.936e-01 2.039e-03 1.400e-03 6.605e-03 -1.000 1.507e-02 0.770 1.123 1.755 0.355
0.015 0.00898 9.69897 1.2483226061 2.5132508278    1.246  1.605  3.6612  2.525    3  0.000  0.411     0.00     0.00     0.00     0.00     0.00 -1  -1.6e-11      0.00 6.914e-01 2.936e-01 2.039e-03 1.400e-03 6.605e-03 -1.000 1.507e-02 0.757 1.110 1.743 0.342
0.015 0.00898 9.69897 1.2485635281 2.5132811069    1.246  1.590  3.6622  2.544    3  0.000  0.411     0.00     0.00     0.00     0.00     0.00 -1 -1.52e-11      0.00 6.914e-01 2.935e-01 2.039e-03 1.401e-03 6.605e-03 -1.000 1.507e-02 0.794 1.144 1.773 0.378
0.015 0.00898 9.69897 1.2488660812 2.5133190155    1.247  1.552  3.6648  2.593    3  0.000  0.411     0.00     0.00     0.00     0.00     0.00 -1 -1.32e-11      0.00 6.914e-01 2.935e-01 2.038e-03 1.401e-03 6.605e-03 -1.000 1.507e-02 0.890 1.230 1.852 0.469
0.015 0.00898 9.69897 1.2489614487 2.5133309364    1.247  1.540  3.6656  2.609    3  0.000  0.411     0.00     0.00     0.00     0.00     0.00 -1 -1.26e-11      0.00 6.914e-01 2.935e-01 2.038e-03 1.401e-03 6.605e-03 -1.000 1.507e-02 0.921 1.258 1.878 0.499
0.015 0.00898 9.69897 1.2491010427 2.5133485794    1.247  1.557  3.6646  2.587    3  0.000  0.411     0.00     0.00     0.00     0.00     0.00 -1 -1.33e-11      0.00 6.914e-01 2.935e-01 2.038e-03 1.401e-03 6.605e-03 -1.000 1.507e-02 0.878 1.219 1.841 0.458
0.015 0.00898 9.69897 1.2494783401 2.5133957863    1.247  1.603  3.6619  2.531    3  0.000  0.411     0.00     0.00     0.00     0.00     0.00 -1 -1.57e-11      0.00 6.914e-01 2.935e-01 2.038e-03 1.401e-03 6.605e-03 -1.000 1.507e-02 0.762 1.113 1.743 0.346
0.015 0.00898 9.69897 1.2498490810 2.5134422779    1.247  1.649  3.6592  2.474    3  0.000  0.411     0.00     0.00     0.00     0.00     0.00 -1 -1.86e-11      0.00 6.914e-01 2.935e-01 2.038e-03 1.401e-03 6.605e-03 -1.000 1.507e-02 0.647 1.008 1.646 0.235
0.015 0.00898 9.69897 1.2500000000 2.5134611130    1.248  1.669  3.6581  2.450    3  0.000  0.411     0.00     0.00     0.00     0.00     0.00 -1    -2e-11      0.00 6.914e-01 2.935e-01 2.038e-03 1.401e-03 6.605e-03 -1.000 1.507e-02 0.598 0.963 1.606 0.188
0.015 0.00898 9.69897 1.2501119375 2.5134751797    1.248  1.683  3.6573  2.432    3  0.000  0.411     0.00     0.00     0.00     0.00     0.00 -1 -2.11e-11      0.00 6.914e-01 2.935e-01 2.038e-03 1.402e-03 6.605e-03 -1.000 1.507e-02 0.563 0.931 1.577 0.154
0.015 0.00898 9.69897 1.2504396439 2.5135161877    1.248  1.727  3.6546  2.377    3  0.000  0.411     0.00     0.00     0.00     0.00     0.00 -1 -2.48e-11      0.00 6.914e-01 2.935e-01 2.037e-03 1.402e-03 6.605e-03 -1.000 1.507e-02 0.452 0.831 1.486 0.047
0.015 0.00898 9.69897 1.2507497072 2.5135550499    1.248  1.772  3.6518  2.321    3  0.000  0.411     0.00     0.00     0.00     0.00     0.00 -1 -2.94e-11      0.00 6.914e-01 2.935e-01 2.037e-03 1.402e-03 6.605e-03 -1.000 1.507e-02 0.339 0.728 1.394 -0.063
0.015 0.00898 9.69897 1.2510310411 2.5135903358    1.248  1.817  3.6490  2.265    3  0.000  0.411     0.00     0.00     0.00     0.00     0.00 -1 -3.47e-11      0.00 6.914e-01 2.935e-01 2.037e-03 1.403e-03 6.605e-03 -1.000 1.507e-02 0.228 0.628 1.304 -0.170
0.015 0.00898 9.69897 1.2512855530 2.5136220455    1.248  1.860  3.6463  2.211    3  0.000  0.411     0.00     0.00     0.00     0.00     0.00 -1 -4.08e-11      0.00 6.914e-01 2.935e-01 2.037e-03 1.403e-03 6.605e-03 -1.000 1.507e-02 0.119 0.532 1.218 -0.273
0.015 0.00898 9.69897 1.2515274286 2.5136523247    1.248  1.905  3.6434  2.155    3  0.000  0.411     0.00     0.00     0.00     0.00     0.00 -1 -4.82e-11      0.00 6.914e-01 2.935e-01 2.036e-03 1.403e-03 6.605e-03 -1.000 1.507e-02 0.008 0.433 1.130 -0.379
0.015 0.00898 9.69897 1.2517459393 2.5136797428    1.249  1.948  3.6405  2.100    3  0.000  0.411     0.00     0.00     0.00     0.00     0.00 -1 -5.68e-11      0.00 6.914e-01 2.935e-01 2.036e-03 1.403e-03 6.605e-03 -1.000 1.507e-02 -0.101 0.337 1.045 -0.483
0.015 0.00898 9.69897 1.2519463301 2.5137045383    1.249  1.992  3.6376  2.045    3  0.000  0.411     0.00     0.00     0.00     0.00     0.00 -1 -6.69e-11      0.00 6.915e-01 2.935e-01 2.036e-03 1.403e-03 6.605e-03 -1.000 1.507e-02 -0.210 0.242 0.962 -0.585
0.015 0.00898 9.69897 1.2521294355 2.5137274265    1.249  2.035  3.6347  1.990    3  0.000  0.411     0.00     0.00     0.00     0.00     0.00 -1 -7.86e-11      0.00 6.915e-01 2.935e-01 2.036e-03 1.404e-03 6.605e-03 -1.000 1.507e-02 -0.317 0.149 0.881 -0.685
0.015 0.00898 9.69897 1.2523005009 2.5137488842    1.249  2.079  3.6318  1.935    3  0.000  0.411     0.00     0.00     0.00     0.00     0.00 -1 -9.27e-11      0.00 6.915e-01 2.935e-01 2.036e-03 1.404e-03 6.605e-03 -1.000 1.507e-02 -0.426 0.055 0.798 -0.786
0.015 0.00898 9.69897 1.2524553537 2.5137681961    1.248  2.121  3.6288  1.880    3  0.000  0.411     0.00     0.00     0.00     0.00     0.00 -1 -1.09e-10      0.00 6.915e-01 2.935e-01 2.036e-03 1.404e-03 6.605e-03 -1.000 1.507e-02 -0.533 -0.036 0.717 -0.884
0.015 0.00898 9.69897 1.2525964975 2.5137858391    1.248  2.163  3.6258  1.826    3  0.000  0.411     0.00     0.00     0.00     0.00     0.00 -1 -1.28e-10      0.00 6.915e-01 2.935e-01 2.036e-03 1.404e-03 6.605e-03 -1.000 1.507e-02 -0.638 -0.125 0.639 -0.979
0.015 0.00898 9.69897 1.2527304888 2.5138025284    1.248  2.206  3.6228  1.771    3  0.000  0.411     0.00     0.00     0.00     0.00     0.00 -1  -1.5e-10      0.00 6.915e-01 2.935e-01 2.036e-03 1.404e-03 6.605e-03 -1.000 1.507e-02 -0.746 -0.216 0.558 -1.077
0.015 0.00898 9.69897 1.2528507710 2.5138175488    1.248  2.248  3.6198  1.717    3  0.000  0.411     0.00     0.00     0.00     0.00     0.00 -1 -1.76e-10      0.00 6.915e-01 2.935e-01 2.035e-03 1.404e-03 6.605e-03 -1.000 1.507e-02 -0.850 -0.304 0.480 -1.171
0.015 0.00898 9.69897 1.2529629469 2.5138313770    1.248  2.290  3.6167  1.663    3  0.000  0.411     0.00     0.00     0.00     0.00     0.00 -1 -2.06e-10      0.00 6.915e-01 2.935e-01 2.035e-03 1.404e-03 6.605e-03 -1.000 1.507e-02 -0.955 -0.390 0.405 -1.264
0.015 0.00898 9.69897 1.2530668974 2.5138444901    1.248  2.332  3.6136  1.609    3  0.000  0.411     0.00     0.00     0.00     0.00     0.00 -1 -2.42e-10      0.00 6.915e-01 2.935e-01 2.035e-03 1.404e-03 6.605e-03 -1.000 1.507e-02 -1.060 -0.477 0.328 -1.357
0.015 0.00898 9.69897 1.2531621456 2.5138561726    1.248  2.373  3.6105  1.555    3  0.000  0.411     0.00     0.00     0.00     0.00     0.00 -1 -2.84e-10      0.00 6.915e-01 2.935e-01 2.035e-03 1.405e-03 6.605e-03 -1.000 1.507e-02 -1.163 -0.562 0.253 -1.449
0.015 0.00898 9.69897 1.2532504797 2.5138673782    1.247  2.414  3.6074  1.501    3  0.000  0.411     0.00     0.00     0.00     0.00     0.00 -1 -3.32e-10      0.00 6.915e-01 2.935e-01 2.035e-03 1.405e-03 6.605e-03 -1.000 1.507e-02 -1.266 -0.645 0.181 -1.539
0.015 0.00898 9.69897 1.2533320189 2.5138773918    1.247  2.455  3.6042  1.447    3  0.000  0.411     0.00     0.00     0.00     0.00     0.00 -1 -3.89e-10      0.00 6.915e-01 2.935e-01 2.035e-03 1.405e-03 6.605e-03 -1.000 1.507e-02 -1.369 -0.726 0.116 -1.630
0.015 0.00898 9.69897 1.2534062862 2.5138866901    1.247  2.496  3.6011  1.394    3  0.000  0.411     0.00     0.00     0.00     0.00     0.00 -1 -4.54e-10      0.00 6.915e-01 2.934e-01 2.035e-03 1.405e-03 6.605e-03 -1.000 1.507e-02 -1.469 -0.805 0.052 -1.719
0.015 0.00898 9.69897 1.2534768581 2.5138955116    1.246  2.537  3.5978  1.340    3  0.000  0.411    10.97     7.99     5.63     4.31     3.50  4 -5.31e-10      0.00 6.915e-01 2.934e-01 2.035e-03 1.405e-03 6.605e-03 -1.000 1.507e-02 -1.572 -0.884 -0.007 -1.808
0.015 0.00898 9.69897 1.2535399199 2.5139033794    1.246  2.576  3.5946  1.288    3  0.000  0.411    12.21     8.78     6.17     4.72     3.84  4 -6.19e-10      0.00 6.915e-01 2.934e-01 2.035e-03 1.405e-03 6.605e-03 -1.000 1.507e-02 -1.670 -0.957 -0.060 -1.892
0.015 0.00898 9.69897 1.2535980940 2.5139105320    1.245  2.615  3.5914  1.235    3  0.000  0.411    13.59     9.65     6.75     5.17     4.20  4  -7.2e-10      0.00 6.915e-01 2.934e-01 2.035e-03 1.405e-03 6.605e-03 -1.000 1.507e-02 -1.768 -1.030 -0.114 -1.976
0.015 0.00898 9.69897 1.2536542416 2.5139174461    1.245  2.655  3.5880  1.182    3  0.000  0.411    15.17    10.63     7.40     5.68     4.62  4  -8.4e-10      0.00 6.915e-01 2.934e-01 2.035e-03 1.405e-03 6.605e-03 -1.000 1.507e-02 -1.868 -1.102 -0.162 -2.061
0.015 0.00898 9.69897 1.2537044287 2.5139238834    1.244  2.694  3.5847  1.130    3  0.000  0.411    16.87    11.67     8.09     6.22     5.06  4 -9.76e-10      0.00 6.915e-01 2.934e-01 2.035e-03 1.405e-03 6.605e-03 -1.000 1.507e-02 -1.964 -1.168 -0.204 -2.140
0.015 0.00898 9.69897 1.2537519932 2.5139296055    1.244  2.732  3.5814  1.078    3  0.000  0.411    18.78    12.82     8.85     6.82     5.54  3 -1.13e-09      0.00 6.915e-01 2.934e-01 2.035e-03 1.405e-03 6.605e-03 -1.000 1.507e-02 -2.060 -1.234 -0.246 -2.219
0.015 0.00898 9.69897 1.2537969351 2.5139353275    1.243  2.771  3.5779  1.025    3  0.000  0.411    20.93    14.11     9.70     7.48     6.08  3 -1.32e-09      0.00 6.915e-01 2.934e-01 2.035e-03 1.405e-03 6.605e-03 -1.000 1.507e-02 -2.158 -1.296 -0.277 -2.296
0.015 0.00898 9.69897 1.2538478374 2.5139415264    1.242  2.818  3.5736  0.960    3  0.000  0.411    23.91    15.86    10.85     8.38     6.82  3 -1.59e-09      0.00 6.915e-01 2.934e-01 2.035e-03 1.405e-03 6.605e-03 -1.000 1.507e-02 -2.275 -1.366 -0.302 -2.387
0.015 0.00898 9.69897 1.2538939714 2.5139474869    1.241  2.864  3.5692  0.896    3  0.000  0.411    27.26    17.80    12.11     9.37     7.62  3  -1.9e-09      0.00 6.915e-01 2.934e-01 2.035e-03 1.405e-03 6.605e-03 -1.000 1.507e-02 -2.390 -1.431 -0.320 -2.474
0.015 0.00898 9.69897 1.2539362907 2.5139527321    1.240  2.909  3.5648  0.833    3  0.000  0.411    31.03    19.94    13.50    10.46     8.52  3 -2.28e-09      0.00 6.915e-01 2.934e-01 2.035e-03 1.405e-03 6.605e-03 -1.000 1.507e-02 -2.503 -1.487 -0.315 -2.554
0.015 0.00898 9.69897 1.2539755106 2.5139575005    1.239  2.954  3.5604  0.770    3  0.000  0.411    35.31    22.34    15.04    11.68     9.51  3 -2.73e-09      0.00 6.915e-01 2.934e-01 2.035e-03 1.405e-03 6.605e-03 -1.000 1.507e-02 -2.615 -1.541 -0.309 -2.633
0.015 0.00898 9.69897 1.2540118694 2.5139620304    1.237  2.999  3.5559  0.708    3  0.000  0.411    40.16    25.02    16.76    13.03    10.62  2 -3.26e-09      0.00 6.915e-01 2.934e-01 2.034e-03 1.405e-03 6.605e-03 -1.000 1.507e-02 -2.726 -1.584 -0.272 -2.702
0.015 0.00898 9.69897 1.2540452480 2.5139660835    1.236  3.042  3.5514  0.646    3  0.000  0.411    45.56    27.95    18.63    14.51    11.83  2 -3.87e-09      0.00 6.915e-01 2.934e-01 2.034e-03 1.405e-03 6.605e-03 -1.000 1.507e-02 -2.834 -1.623 -0.232 -2.769
0.015 0.00898 9.69897 1.2540761232 2.5139701366    1.234  3.084  3.5469  0.585    3  0.000  0.411    51.68    31.22    20.71    16.16    13.17  2 -4.61e-09      0.00 6.915e-01 2.934e-01 2.034e-03 1.405e-03 6.605e-03 -1.000 1.507e-02 -2.941 -1.651 -0.167 -2.826
0.015 0.00898 9.69897 1.2541052103 2.5139737129    1.232  3.127  3.5423  0.523    3  0.000  0.411    58.67    34.91    23.03    18.00    14.68  2 -5.49e-09      0.00 6.915e-01 2.934e-01 2.034e-03 1.405e-03 6.605e-03 -1.000 1.507e-02 -3.047 -1.674 -0.088 -2.878
0.015 0.00898 9.69897 1.2541320324 2.5139770508    1.230  3.169  3.5376  0.461    3  0.000  0.411    66.53    38.99    25.60    20.04    16.34  2 -6.52e-09      0.00 6.915e-01 2.934e-01 2.034e-03 1.406e-03 6.605e-03 -1.000 1.507e-02 -3.152 -1.686 0.012 -2.921
0.015 0.00898 9.69897 1.2541570663 2.5139801502    1.227  3.210  3.5329  0.401    3  0.000  0.411    75.37    43.50    28.42    22.29    18.18  2 -7.73e-09      0.00 6.915e-01 2.934e-01 2.034e-03 1.406e-03 6.605e-03 -1.000 1.507e-02 -3.255 -1.690 0.132 -2.955
0.015 0.00898 9.69897 1.2541807890 2.5139830112    1.225  3.251  3.5281  0.339    3  0.000  0.411    85.45    48.56    31.57    24.80    20.23  2 -9.19e-09      0.00 6.915e-01 2.934e-01 2.034e-03 1.406e-03 6.605e-03 -1.000 1.507e-02 -3.358 -1.682 0.271 -2.978
0.015 0.00898 9.69897 1.2542026043 2.5139858723    1.222  3.291  3.5232  0.279    3  0.000  0.411    96.65    54.10    35.00    27.54    22.48  2 -1.09e-08      0.00 6.915e-01 2.934e-01 2.034e-03 1.406e-03 6.605e-03 -1.000 1.507e-02 -3.457 -1.659 0.435 -2.984
0.015 0.00898 9.69897 1.2542231083 2.5139882565    1.219  3.330  3.5184  0.219    3  0.000  0.411   109.25    60.24    38.77    30.56    24.95  2 -1.28e-08      0.00 6.915e-01 2.934e-01 2.034e-03 1.406e-03 6.605e-03 -1.000 1.507e-02 -3.555 -1.621 0.621 -2.975
0.015 0.00898 9.69897 1.2542424202 2.5139906406    1.215  3.368  3.5136  0.161    3  0.000  0.411   123.21    66.93    42.88    33.85    27.64  1 -1.51e-08      0.00 6.915e-01 2.934e-01 2.034e-03 1.406e-03 6.605e-03 -1.000 1.507e-02 -3.650 -1.560 0.843 -2.942
0.015 0.00898 9.69897 1.2542601824 2.5139930248    1.211  3.401  3.5094  0.110    3  0.000  0.411   136.79    73.35    46.79    37.00    30.21  1 -1.76e-08      0.00 6.915e-01 2.934e-01 2.034e-03 1.406e-03 6.605e-03 -1.000 1.507e-02 -3.733 -1.510 1.028 -2.915
0.015 0.00898 9.69897 1.2542601824 2.5139930248    1.211  1.721  3.6715  2.438    4  0.000  0.418     0.00     0.00     0.00     0.00     0.00 -1    -1e-30      0.00 6.878e-01 2.971e-01 2.078e-03 1.387e-03 6.631e-03 -1.000 1.517e-02 0.466 0.782 1.384 0.037
0.015 0.00898 9.69897 1.2544926405 2.5140218735    1.211  1.732  3.6706  2.423    4  0.000  0.418     0.00     0.00     0.00     0.00     0.00 -1    -1e-30      0.00 6.878e-01 2.971e-01 2.078e-03 1.387e-03 6.631e-03 -1.000 1.518e-02 0.439 0.757 1.362 0.010
0.015 0.00898 9.69897 1.2547316551 2.5140514374    1.212  1.737  3.6704  2.418    4  0.000  0.418     0.00     0.00     0.00     0.00     0.00 -1    -1e-30      0.00 6.878e-01 2.971e-01 2.078e-03 1.387e-03 6.631e-03 -1.000 1.518e-02 0.427 0.746 1.352 -0.002
0.015 0.00898 9.69897 1.2549729347 2.5140814781    1.212  1.737  3.6706  2.419    4  0.000  0.418     0.00     0.00     0.00     0.00     0.00 -1    -1e-30      0.00 6.878e-01 2.970e-01 2.077e-03 1.388e-03 6.631e-03 -1.000 1.518e-02 0.427 0.746 1.350 -0.002
0.015 0.00898 9.69897 1.2552176714 2.5141117573    1.212  1.736  3.6710  2.422    4  0.000  0.418     0.00     0.00     0.00     0.00     0.00 -1    -1e-30      0.00 6.878e-01 2.970e-01 2.077e-03 1.388e-03 6.631e-03 -1.000 1.518e-02 0.431 0.748 1.352 0.002
0.015 0.00898 9.69897 1.2554563284 2.5141415596    1.213  1.734  3.6714  2.425    4  0.000  0.418     0.00     0.00     0.00     0.00     0.00 -1    -1e-30      0.00 6.878e-01 2.970e-01 2.077e-03 1.388e-03 6.631e-03 -1.000 1.518e-02 0.435 0.752 1.354 0.006
0.015 0.00898 9.69897 1.2557010651 2.5141718388    1.213  1.732  3.6717  2.429    4  0.000  0.418     0.00     0.00     0.00     0.00     0.00 -1    -1e-30      0.00 6.878e-01 2.970e-01 2.077e-03 1.388e-03 6.631e-03 -1.000 1.518e-02 0.440 0.755 1.356 0.010
0.015 0.00898 9.69897 1.2559440136 2.5142018795    1.213  1.730  3.6721  2.432    4  0.000  0.417     0.00     0.00     0.00     0.00     0.00 -1    -1e-30      0.00 6.878e-01 2.970e-01 2.077e-03 1.389e-03 6.631e-03 -1.000 1.518e-02 0.444 0.758 1.358 0.014
0.015 0.00898 9.69897 1.2561844587 2.5142316818    1.213  1.729  3.6725  2.435    4  0.000  0.417     0.00     0.00     0.00     0.00     0.00 -1    -1e-30      0.00 6.878e-01 2.970e-01 2.076e-03 1.389e-03 6.631e-03 -1.000 1.518e-02 0.448 0.761 1.360 0.018
0.015 0.00898 9.69897 1.2564288378 2.5142619610    1.214  1.727  3.6728  2.438    4  0.000  0.417     0.00     0.00     0.00     0.00     0.00 -1    -1e-30      0.00 6.878e-01 2.970e-01 2.076e-03 1.389e-03 6.631e-03 -1.000 1.518e-02 0.452 0.763 1.361 0.021
0.015 0.00898 9.69897 1.2566788197 2.5142929554    1.214  1.726  3.6731  2.441    4  0.000  0.417     0.00     0.00     0.00     0.00     0.00 -1    -1e-30      0.00 6.878e-01 2.970e-01 2.076e-03 1.389e-03 6.631e-03 -1.000 1.518e-02 0.455 0.765 1.362 0.024
0.015 0.00898 9.69897 1.2569146156 2.5143220425    1.214  1.725  3.6734  2.443    4  0.000  0.417     0.00     0.00     0.00     0.00     0.00 -1    -1e-30      0.00 6.878e-01 2.970e-01 2.076e-03 1.390e-03 6.631e-03 -1.000 1.518e-02 0.457 0.766 1.363 0.025
0.015 0.00898 9.69897 1.2571469545 2.5143508911    1.215  1.725  3.6737  2.445    4  0.000  0.417     0.00     0.00     0.00     0.00     0.00 -1    -1e-30      0.00 6.878e-01 2.970e-01 2.075e-03 1.390e-03 6.631e-03 -1.000 1.518e-02 0.459 0.767 1.363 0.027
0.015 0.00898 9.69897 1.2573944330 2.5143814087    1.215  1.724  3.6739  2.446    4  0.000  0.417     0.00     0.00     0.00     0.00     0.00 -1    -1e-30      0.00 6.878e-01 2.970e-01 2.075e-03 1.390e-03 6.631e-03 -1.000 1.518e-02 0.460 0.768 1.363 0.028
0.015 0.00898 9.69897 1.2575832605 2.5144047737    1.215  1.724  3.6741  2.447    4  0.000  0.417     0.00     0.00     0.00     0.00     0.00 -1    -1e-30      0.00 6.878e-01 2.970e-01 2.075e-03 1.390e-03 6.631e-03 -1.000 1.518e-02 0.461 0.768 1.363 0.029
0.015 0.00898 9.69897 1.2576384544 2.5144116879    1.215  1.724  3.6741  2.447    4  0.000  0.417     0.00     0.00     0.00     0.00     0.00 -1    -1e-30      0.00 6.878e-01 2.970e-01 2.075e-03 1.390e-03 6.631e-03 -1.000 1.518e-02 0.461 0.768 1.362 0.029
0.015 0.00898 9.69897 1.2578889132 2.5144424438    1.215  1.723  3.6743  2.449    4  0.000  0.417     0.00     0.00     0.00     0.00     0.00 -1    -1e-30      0.00 6.878e-01 2.970e-01 2.075e-03 1.391e-03 6.631e-03 -1.000 1.518e-02 0.462 0.768 1.362 0.029
0.015 0.00898 9.69897 1.2581205368 2.5144710541    1.216  1.723  3.6745  2.449    4  0.000  0.417     0.00     0.00     0.00     0.00     0.00 -1    -1e-30      0.00 6.879e-01 2.970e-01 2.075e-03 1.391e-03 6.631e-03 -1.000 1.518e-02 0.462 0.768 1.361 0.029
0.015 0.00898 9.69897 1.2583506107 2.5144994259    1.216  1.723  3.6746  2.450    4  0.000  0.417     0.00     0.00     0.00     0.00     0.00 -1    -1e-30      0.00 6.879e-01 2.970e-01 2.074e-03 1.391e-03 6.631e-03 -1.000 1.518e-02 0.461 0.767 1.360 0.029
0.015 0.00898 9.69897 1.2586003542 2.5145304203    1.216  1.724  3.6747  2.450    4  0.000  0.417     0.00     0.00     0.00     0.00     0.00 -1    -1e-30      0.00 6.879e-01 2.970e-01 2.074e-03 1.391e-03 6.631e-03 -1.000 1.518e-02 0.460 0.766 1.358 0.027
0.015 0.00898 9.69897 1.2588460445 2.5145606995    1.216  1.725  3.6748  2.450    4  0.000  0.417     0.00     0.00     0.00     0.00     0.00 -1    -1e-30      0.00 6.879e-01 2.970e-01 2.074e-03 1.392e-03 6.631e-03 -1.000 1.518e-02 0.458 0.764 1.356 0.026
0.015 0.00898 9.69897 1.2590944767 2.5145912170    1.217  1.726  3.6748  2.449    4  0.000  0.417     0.00     0.00     0.00     0.00     0.00 -1    -1e-30      0.00 6.879e-01 2.969e-01 2.074e-03 1.392e-03 6.631e-03 -1.000 1.518e-02 0.456 0.761 1.353 0.023
0.015 0.00898 9.69897 1.2593104839 2.5146179199    1.217  1.727  3.6748  2.448    4  0.000  0.417     0.00     0.00     0.00     0.00     0.00 -1    -1e-30      0.00 6.879e-01 2.969e-01 2.074e-03 1.392e-03 6.631e-03 -1.000 1.518e-02 0.453 0.758 1.350 0.020
0.015 0.00898 9.69897 1.2593331337 2.5146205425    1.217  1.727  3.6748  2.447    4  0.000  0.417     0.00     0.00     0.00     0.00     0.00 -1    -1e-30      0.00 6.879e-01 2.969e-01 2.074e-03 1.392e-03 6.631e-03 -1.000 1.518e-02 0.452 0.757 1.350 0.019
0.015 0.00898 9.69897 1.2595641613 2.5146491528    1.217  1.729  3.6747  2.445    4  0.000  0.417     0.00     0.00     0.00     0.00     0.00 -1    -1e-30      0.00 6.879e-01 2.969e-01 2.073e-03 1.392e-03 6.631e-03 -1.000 1.518e-02 0.448 0.753 1.345 0.015
0.015 0.00898 9.69897 1.2598029375 2.5146784782    1.218  1.731  3.6746  2.443    4  0.000  0.417     0.00     0.00     0.00     0.00     0.00 -1    -1e-30      0.00 6.879e-01 2.969e-01 2.073e-03 1.393e-03 6.631e-03 -1.000 1.518e-02 0.442 0.748 1.341 0.009
0.015 0.00898 9.69897 1.2600413561 2.5147078037    1.218  1.734  3.6744  2.439    4  0.000  0.417     0.00     0.00     0.00     0.00     0.00 -1    -1e-30      0.00 6.879e-01 2.969e-01 2.073e-03 1.393e-03 6.631e-03 -1.000 1.518e-02 0.435 0.741 1.335 0.002
0.015 0.00898 9.69897 1.2602741718 2.5147364140    1.218  1.737  3.6741  2.435    4  0.000  0.417     0.00     0.00     0.00     0.00     0.00 -1    -1e-30      0.00 6.879e-01 2.969e-01 2.073e-03 1.393e-03 6.631e-03 -1.000 1.518e-02 0.426 0.733 1.328 -0.006
0.015 0.00898 9.69897 1.2605088949 2.5147652626    1.218  1.742  3.6738  2.429    4  0.000  0.417     0.00     0.00     0.00     0.00     0.00 -1    -1e-30      0.00 6.879e-01 2.969e-01 2.073e-03 1.393e-03 6.631e-03 -1.000 1.518e-02 0.416 0.724 1.319 -0.016
0.015 0.00898 9.69897 1.2607401609 2.5147936344    1.219  1.747  3.6734  2.423    4  0.000  0.417     0.00     0.00     0.00     0.00     0.00 -1    -1e-30      0.00 6.879e-01 2.969e-01 2.072e-03 1.394e-03 6.631e-03 -1.000 1.518e-02 0.404 0.713 1.310 -0.028
0.015 0.00898 9.69897 1.2609761953 2.5148227215    1.219  1.752  3.6729  2.415    4  0.000  0.417     0.00     0.00     0.00     0.00     0.00 -1    -1e-30      0.00 6.879e-01 2.969e-01 2.072e-03 1.394e-03 6.631e-03 -1.000 1.518e-02 0.389 0.700 1.298 -0.042
0.015 0.00898 9.69897 1.2612125874 2.5148518085    1.219  1.759  3.6724  2.407    4  0.000  0.417     0.00     0.00     0.00     0.00     0.00 -1    -1e-30      0.00 6.879e-01 2.969e-01 2.072e-03 1.394e-03 6.631e-03 -1.000 1.518e-02 0.373 0.686 1.285 -0.058
0.015 0.00898 9.69897 1.2614487410 2.5148806572    1.219  1.763  3.6721  2.402    4  0.000  0.417     0.00     0.00     0.00     0.00     0.00 -1    -1e-30      0.00 6.879e-01 2.969e-01 2.072e-03 1.394e-03 6.631e-03 -1.000 1.518e-02 0.363 0.677 1.277 -0.068
0.015 0.00898 9.69897 1.2616919279 2.5149104595    1.220  1.772  3.6712  2.389    4  0.000  0.416     0.00     0.00     0.00     0.00     0.00 -1    -1e-30      0.00 6.879e-01 2.969e-01 2.072e-03 1.395e-03 6.631e-03 -1.000 1.518e-02 0.340 0.656 1.259 -0.090
0.015 0.00898 9.69897 1.2619286776 2.5149395466    1.220  1.797  3.6688  2.354    4  0.000  0.416     0.00     0.00     0.00     0.00     0.00 -1    -1e-30      0.00 6.879e-01 2.969e-01 2.071e-03 1.395e-03 6.631e-03 -1.000 1.518e-02 0.277 0.601 1.212 -0.151
0.015 0.00898 9.69897 1.2621333599 2.5149645805    1.220  1.837  3.6653  2.301    4  0.000  0.416     0.00     0.00     0.00     0.00     0.00 -1    -1e-30      0.00 6.880e-01 2.969e-01 2.071e-03 1.395e-03 6.631e-03 -1.000 1.518e-02 0.178 0.515 1.137 -0.245
0.015 0.00898 9.69897 1.2622317076 2.5149767399    1.220  1.875  3.6618  2.249    4  0.000  0.416     0.00     0.00     0.00     0.00     0.00 -1    -1e-30      0.00 6.880e-01 2.969e-01 2.071e-03 1.395e-03 6.631e-03 -1.000 1.518e-02 0.082 0.431 1.065 -0.337
0.015 0.00898 9.69897 1.2622821331 2.5149829388    1.220  1.913  3.6585  2.197    4  0.000  0.416     0.00     0.00     0.00     0.00     0.00 -1    -1e-30      0.00 6.880e-01 2.969e-01 2.071e-03 1.395e-03 6.631e-03 -1.000 1.518e-02 -0.013 0.349 0.994 -0.427
0.015 0.00898 9.69897 1.2623108625 2.5149865150    1.220  1.955  3.6548  2.141    4  0.000  0.416     0.00     0.00     0.00     0.00     0.00 -1    -1e-30      0.00 6.880e-01 2.969e-01 2.071e-03 1.395e-03 6.631e-03 -1.000 1.518e-02 -0.116 0.260 0.917 -0.525
0.015 0.00898 9.69897 1.2623249292 2.5149881840    1.220  1.994  3.6514  2.088    4  0.000  0.416     0.00     0.00     0.00     0.00     0.00 -1    -1e-30      0.00 6.880e-01 2.969e-01 2.071e-03 1.395e-03 6.631e-03 -1.000 1.518e-02 -0.216 0.174 0.844 -0.619
0.015 0.00898 9.69897 1.2623325586 2.5149891376    1.220  2.033  3.6481  2.036    4  0.000  0.416     0.00     0.00     0.00     0.00     0.00 -1    -1e-30      0.00 6.880e-01 2.969e-01 2.071e-03 1.395e-03 6.631e-03 -1.000 1.518e-02 -0.312 0.092 0.773 -0.710
0.015 0.00898 9.69897 1.2623374462 2.5149896145    1.220  2.070  3.6449  1.987    4  0.000  0.416     0.00     0.00     0.00     0.00     0.00 -1    -1e-30      0.00 6.880e-01 2.969e-01 2.071e-03 1.395e-03 6.631e-03 -1.000 1.518e-02 -0.404 0.014 0.707 -0.795
0.015 0.00898 9.69897 1.2623391151 2.5149898529    1.220  2.085  3.6436  1.966    7  0.000  0.416     0.00     0.00     0.00     0.00     0.00 -1    -1e-30      0.00 6.880e-01 2.969e-01 2.071e-03 1.395e-03 6.631e-03 -1.000 1.518e-02 -0.442 -0.019 0.679 -0.831
0.015 0.00898 9.69897 1.2623416185 2.5149900913    1.220  2.111  3.6414  1.931    7  0.000  0.416     0.00     0.00     0.00     0.00     0.00 -1    -1e-30      0.00 6.880e-01 2.969e-01 2.071e-03 1.395e-03 6.631e-03 -1.000 1.518e-02 -0.508 -0.075 0.630 -0.892
0.015 0.00898 9.69897 1.2623457909 2.5149908066    1.220  2.158  3.6375  1.869    7  0.000  0.416     0.00     0.00     0.00     0.00     0.00 -1    -1e-30      0.00 6.880e-01 2.969e-01 2.071e-03 1.395e-03 6.631e-03 -1.000 1.518e-02 -0.625 -0.173 0.545 -0.998
0.015 0.00898 9.69897 1.2623494864 2.5149912834    1.220  2.195  3.6344  1.820    7  0.000  0.416     0.00     0.00     0.00     0.00     0.00 -1    -1e-30      0.00 6.880e-01 2.969e-01 2.071e-03 1.395e-03 6.631e-03 -1.000 1.518e-02 -0.716 -0.249 0.480 -1.081
0.015 0.00898 9.69897 1.2623585463 2.5149922371    1.220  2.206  3.6336  1.805    7  0.000  0.416     0.00     0.00     0.00     0.00     0.00 -1    -1e-30      0.00 6.880e-01 2.969e-01 2.071e-03 1.395e-03 6.631e-03 -1.000 1.518e-02 -0.745 -0.273 0.458 -1.108
0.015 0.00898 9.69897 1.2623648643 2.5149929523    1.220  2.179  3.6358  1.841    7  0.000  0.416     0.00     0.00     0.00     0.00     0.00 -1    -1e-30      0.00 6.880e-01 2.969e-01 2.071e-03 1.395e-03 6.631e-03 -1.000 1.518e-02 -0.677 -0.217 0.507 -1.046
0.015 0.00898 9.69897 1.2623810768 2.5149950981    1.220  2.145  3.6387  1.887    7  0.000  0.416     0.00     0.00     0.00     0.00     0.00 -1 -1.63e-30      0.00 6.880e-01 2.969e-01 2.071e-03 1.395e-03 6.631e-03 -1.000 1.519e-02 -0.592 -0.146 0.569 -0.968
0.015 0.00898 9.69897 1.2625219822 2.5150122643    1.220  2.137  3.6393  1.897    7  0.000  0.416     0.00     0.00     0.00     0.00     0.00 -1 -1.47e-15      0.00 6.880e-01 2.963e-01 2.071e-03 1.395e-03 6.631e-03 -1.000 1.577e-02 -0.573 -0.129 0.583 -0.951
0.015 0.00898 9.69897 1.2626426220 2.5150270462    1.220  2.173  3.6362  1.849    7  0.000  0.416     0.00     0.00     0.00     0.00     0.00 -1 -4.42e-10      0.00 6.880e-01 2.961e-01 2.071e-03 1.395e-03 6.631e-03 -1.000 1.598e-02 -0.662 -0.203 0.519 -1.032
0.015 0.00898 9.69897 1.2627396584 2.5150389671    1.219  2.216  3.6326  1.791    7  0.000  0.416     0.00     0.00     0.00     0.00     0.00 -1 -5.48e-10      0.00 6.880e-01 2.961e-01 2.071e-03 1.396e-03 6.631e-03 -1.000 1.598e-02 -0.770 -0.293 0.442 -1.130
0.015 0.00898 9.69897 1.2628197670 2.5150487423    1.219  2.258  3.6291  1.734    7  0.000  0.416     0.00     0.00     0.00     0.00     0.00 -1 -6.78e-10      0.00 6.880e-01 2.961e-01 2.071e-03 1.396e-03 6.631e-03 -1.000 1.598e-02 -0.875 -0.380 0.366 -1.224
0.015 0.00898 9.69897 1.2628872395 2.5150570869    1.218  2.299  3.6256  1.679    7  0.000  0.416     0.00     0.00     0.00     0.00     0.00 -1 -8.37e-10      0.00 6.880e-01 2.960e-01 2.071e-03 1.396e-03 6.631e-03 -1.000 1.598e-02 -0.979 -0.465 0.293 -1.316
0.015 0.00898 9.69897 1.2629450560 2.5150640011    1.218  2.341  3.6221  1.623    7  0.000  0.416     0.00     0.00     0.00     0.00     0.00 -1 -1.03e-09      0.00 6.880e-01 2.960e-01 2.070e-03 1.396e-03 6.631e-03 -1.000 1.598e-02 -1.082 -0.549 0.220 -1.408
0.015 0.00898 9.69897 1.2629954815 2.5150702000    1.217  2.382  3.6186  1.568    7  0.000  0.416     0.00     0.00     0.00     0.00     0.00 -1 -1.26e-09      0.00 6.880e-01 2.960e-01 2.070e-03 1.396e-03 6.631e-03 -1.000 1.598e-02 -1.184 -0.632 0.148 -1.499
0.015 0.00898 9.69897 1.2630394697 2.5150756836    1.216  2.423  3.6152  1.513    7  0.000  0.416     0.00     0.00     0.00     0.00     0.00 -1 -1.55e-09      0.00 6.880e-01 2.960e-01 2.070e-03 1.396e-03 6.631e-03 -1.000 1.598e-02 -1.286 -0.714 0.078 -1.588
0.015 0.00898 9.69897 1.2630783319 2.5150804520    1.216  2.463  3.6117  1.458    7  0.000  0.416     0.00     0.00     0.00     0.00     0.00 -1  -1.9e-09      0.00 6.880e-01 2.960e-01 2.070e-03 1.396e-03 6.631e-03 -1.000 1.598e-02 -1.388 -0.794 0.012 -1.677
0.015 0.00898 9.69897 1.2631134987 2.5150847435    1.215  2.503  3.6082  1.404    7  0.000  0.416     9.53     7.07     5.01     3.83     3.11  4 -2.32e-09      0.00 6.880e-01 2.960e-01 2.070e-03 1.396e-03 6.631e-03 -1.000 1.598e-02 -1.489 -0.873 -0.049 -1.766
0.015 0.00898 9.69897 1.2631456852 2.5150885582    1.214  2.544  3.6047  1.349    7  0.000  0.416    10.66     7.81     5.51     4.21     3.42  4 -2.82e-09      0.00 6.880e-01 2.960e-01 2.070e-03 1.396e-03 6.631e-03 -1.000 1.597e-02 -1.589 -0.950 -0.108 -1.853
0.015 0.00898 9.69897 1.2631758451 2.5150923729    1.213  2.584  3.6001  1.291    7  0.000  0.416    12.02     8.68     6.09     4.67     3.79  4 -3.44e-09      0.00 6.880e-01 2.960e-01 2.069e-03 1.396e-03 6.631e-03 -1.000 1.597e-02 -1.689 -1.019 -0.154 -1.936
0.015 0.00898 9.69897 1.2631973028 2.5150949955    1.212  2.614  3.5949  1.239    7  0.000  0.416    13.36     9.52     6.66     5.11     4.15  4 -3.98e-09      0.00 6.880e-01 2.960e-01 2.069e-03 1.397e-03 6.631e-03 -1.000 1.597e-02 -1.765 -1.054 -0.158 -1.989
0.015 0.00898 9.69897 1.2632242441 2.5150983334    1.210  2.654  3.5908  1.182    7  0.000  0.415    15.01    10.54     7.34     5.64     4.58  4 -4.82e-09      0.00 6.880e-01 2.960e-01 2.067e-03 1.398e-03 6.631e-03 -1.000 1.597e-02 -1.865 -1.122 -0.202 -2.071
0.015 0.00898 9.69897 1.2632495165 2.5151014328    1.208  2.694  3.5872  1.127    7  0.000  0.415    16.81    11.64     8.07     6.21     5.05  3 -5.85e-09      0.00 6.880e-01 2.960e-01 2.063e-03 1.402e-03 6.631e-03 -1.000 1.598e-02 -1.964 -1.191 -0.244 -2.153
0.015 0.00898 9.69897 1.2632732391 2.5151042938    1.207  2.733  3.5835  1.072    7  0.000  0.414    18.81    12.86     8.87     6.84     5.56  3 -7.01e-09      0.00 6.880e-01 2.960e-01 2.058e-03 1.407e-03 6.631e-03 -1.000 1.598e-02 -2.063 -1.256 -0.283 -2.233
0.015 0.00898 9.69897 1.2632973194 2.5151071548    1.204  2.773  3.5796  1.016    7  0.000  0.413    21.11    14.23     9.77     7.54     6.13  3 -8.48e-09      0.00 6.880e-01 2.960e-01 2.053e-03 1.413e-03 6.631e-03 -1.000 1.598e-02 -2.163 -1.320 -0.317 -2.313
0.015 0.00898 9.69897 1.2633198500 2.5151100159    1.202  2.814  3.5755  0.958    7  0.000  0.412    23.77    15.79    10.79     8.34     6.79  3 -1.03e-08      0.00 6.880e-01 2.960e-01 2.049e-03 1.419e-03 6.631e-03 -1.000 1.598e-02 -2.264 -1.377 -0.332 -2.389
0.015 0.00898 9.69897 1.2633373737 2.5151121616    1.199  2.854  3.5714  0.900    7  0.000  0.411    26.77    17.52    11.92     9.23     7.51  3 -1.25e-08      0.00 6.880e-01 2.961e-01 2.044e-03 1.424e-03 6.631e-03 -1.000 1.598e-02 -2.366 -1.434 -0.347 -2.465
0.015 0.00898 9.69897 1.2633484602 2.5151133537    1.197  2.893  3.5675  0.845    7  0.000  0.410    29.97    19.35    13.10    10.16     8.27  3  -1.5e-08      0.00 6.879e-01 2.961e-01 2.041e-03 1.428e-03 6.631e-03 -1.000 1.599e-02 -2.462 -1.481 -0.345 -2.533
0.015 0.00898 9.69897 1.2633570433 2.5151145458    1.196  2.930  3.5635  0.792    7  0.000  0.410    33.45    21.31    14.37    11.16     9.08  3 -1.77e-08      0.00 6.879e-01 2.961e-01 2.038e-03 1.431e-03 6.631e-03 -1.000 1.600e-02 -2.555 -1.521 -0.331 -2.596
0.015 0.00898 9.69897 1.2633647919 2.5151154995    1.194  2.968  3.5593  0.737    7  0.000  0.409    37.44    23.52    15.79    12.28    10.00  2 -2.09e-08      0.00 6.879e-01 2.961e-01 2.036e-03 1.435e-03 6.631e-03 -1.000 1.600e-02 -2.649 -1.559 -0.309 -2.657
0.015 0.00898 9.69897 1.2633719444 2.5151162148    1.192  3.005  3.5551  0.681    7  0.000  0.409    41.97    26.00    17.37    13.53    11.02  2 -2.48e-08      0.00 6.879e-01 2.961e-01 2.034e-03 1.437e-03 6.631e-03 -1.000 1.602e-02 -2.743 -1.588 -0.262 -2.712
0.015 0.00898 9.69897 1.2633785009 2.5151171684    1.189  3.042  3.5508  0.626    7  0.000  0.409    46.95    28.68    19.08    14.89    12.13  2 -2.93e-08      0.00 6.879e-01 2.961e-01 2.032e-03 1.439e-03 6.631e-03 -1.000 1.602e-02 -2.835 -1.615 -0.212 -2.764
0.015 0.00898 9.69897 1.2633845806 2.5151178837    1.187  3.078  3.5466  0.573    7  0.000  0.408    52.44    31.60    20.93    16.35    13.33  2 -3.45e-08      0.00 6.879e-01 2.961e-01 2.031e-03 1.441e-03 6.631e-03 -1.000 1.602e-02 -2.926 -1.631 -0.140 -2.807
0.015 0.00898 9.69897 1.2633911371 2.5151185989    1.184  3.117  3.5419  0.514    7  0.000  0.408    59.14    35.10    23.14    18.11    14.76  2 -4.11e-08      0.00 6.879e-01 2.961e-01 2.030e-03 1.442e-03 6.631e-03 -1.000 1.602e-02 -3.022 -1.641 -0.048 -2.848
0.015 0.00898 9.69897 1.2633982897 2.5151195526    1.180  3.156  3.5370  0.454    7  0.000  0.408    66.86    39.08    25.63    20.10    16.39  2 -4.87e-08      0.00 6.879e-01 2.961e-01 2.030e-03 1.442e-03 6.631e-03 -1.000 1.602e-02 -3.119 -1.641 0.073 -2.879
0.015 0.00898 9.69897 1.2634063959 2.5151205063    1.174  3.195  3.5319  0.393    7  0.000  0.408    75.83    43.63    28.47    22.37    18.24  2 -5.84e-08      0.00 6.879e-01 2.961e-01 2.030e-03 1.442e-03 6.631e-03 -1.000 1.602e-02 -3.217 -1.630 0.218 -2.902
0.015 0.00898 9.69897 1.2634143829 2.5151214600    1.168  3.230  3.5271  0.336    7  0.000  0.408    85.18    48.29    31.37    24.68    20.13  2 -6.88e-08      0.00 6.879e-01 2.961e-01 2.030e-03 1.442e-03 6.631e-03 -1.000 1.602e-02 -3.305 -1.605 0.375 -2.906
0.015 0.00898 9.69897 1.2634181976 2.5151219368    1.164  3.249  3.5245  0.305    7  0.000  0.408    90.61    50.97    33.02    26.01    21.22  2 -7.55e-08      0.00 6.879e-01 2.961e-01 2.030e-03 1.442e-03 6.631e-03 -1.000 1.602e-02 -3.352 -1.586 0.468 -2.903
0.015 0.00898 9.69897 1.2634201050 2.5151221752    1.162  3.221  3.5279  0.345    7  0.000  0.408    83.38    47.38    30.80    24.23    19.76  2 -6.72e-08      0.00 6.879e-01 2.961e-01 2.030e-03 1.442e-03 6.630e-03 -1.000 1.602e-02 -3.284 -1.604 0.353 -2.901
0.015 0.00898 9.69897 1.2634204626 2.5151221752    1.162  3.197  3.5310  0.382    7  0.000  0.408    77.33    44.36    28.92    22.73    18.54  2  -6.1e-08      0.00 6.879e-01 2.961e-01 2.030e-03 1.442e-03 6.630e-03 -1.000 1.602e-02 -3.224 -1.619 0.251 -2.897
0.015 0.00898 9.69897 1.2634205818 2.5151221752    1.162  3.188  3.5322  0.396    7  0.000  0.408    75.11    43.25    28.23    22.18    18.08  2 -5.86e-08      0.00 6.879e-01 2.961e-01 2.030e-03 1.442e-03 6.630e-03 -1.000 1.602e-02 -3.200 -1.620 0.219 -2.890
0.015 0.00898 9.69897 1.2634207010 2.5151221752    1.162  3.174  3.5339  0.416    7  0.000  0.408    72.02    41.68    27.25    21.40    17.45  2 -5.53e-08      0.00 6.879e-01 2.961e-01 2.030e-03 1.442e-03 6.630e-03 -1.000 1.602e-02 -3.166 -1.621 0.175 -2.880
0.015 0.00898 9.69897 1.2634208202 2.5151221752    1.162  3.203  3.5303  0.373    7  0.000  0.408    78.75    45.07    29.36    23.09    18.82  2 -6.26e-08      0.00 6.879e-01 2.961e-01 2.030e-03 1.442e-03 6.630e-03 -1.000 1.602e-02 -3.238 -1.617 0.273 -2.899
0.015 0.00898 9.69897 1.2634209394 2.5151221752    1.162  3.200  3.5306  0.377    7  0.000  0.408    78.09    44.74    29.16    22.92    18.69  2 -6.18e-08      0.00 6.879e-01 2.961e-01 2.030e-03 1.442e-03 6.630e-03 -1.000 1.602e-02 -3.231 -1.617 0.264 -2.898
0.015 0.00898 9.69897 1.2634210587 2.5151224136    1.162  3.219  3.5281  0.348    7  0.000  0.408    82.89    47.14    30.65    24.11    19.66  2  -6.7e-08      0.00 6.879e-01 2.961e-01 2.030e-03 1.442e-03 6.630e-03 -1.000 1.602e-02 -3.278 -1.605 0.345 -2.900
0.015 0.00898 9.69897 1.2634212971 2.5151224136    1.161  3.244  3.5250  0.311    7  0.000  0.408    89.49    50.41    32.67    25.73    20.99  2 -7.43e-08      0.00 6.879e-01 2.961e-01 2.030e-03 1.442e-03 6.630e-03 -1.000 1.602e-02 -3.339 -1.585 0.456 -2.899
0.015 0.00898 9.69897 1.2634215355 2.5151224136    1.161  3.265  3.5221  0.278    7  0.000  0.408    95.86    53.54    34.61    27.28    22.25  2  -8.1e-08      0.00 6.879e-01 2.961e-01 2.030e-03 1.442e-03 6.630e-03 -1.000 1.602e-02 -3.394 -1.566 0.560 -2.897
0.015 0.00898 9.69897 1.2634218931 2.5151224136    1.161  3.295  3.5182  0.232    7  0.000  0.408   105.28    58.11    37.42    29.54    24.10  2 -9.16e-08      0.00 6.879e-01 2.961e-01 2.030e-03 1.442e-03 6.630e-03 -1.000 1.602e-02 -3.468 -1.528 0.719 -2.882
0.015 0.00898 9.69897 1.2634223700 2.5151224136    1.160  3.328  3.5137  0.182    7  0.000  0.408   116.87    63.67    40.84    32.27    26.34  1 -1.05e-07      0.00 6.879e-01 2.961e-01 2.030e-03 1.442e-03 6.630e-03 -1.000 1.602e-02 -3.549 -1.463 0.933 -2.843
0.015 0.00898 9.69897 1.2634229660 2.5151226521    1.159  3.357  3.5095  0.135    7  0.000  0.408   128.69    69.27    44.26    35.02    28.59  1 -1.19e-07      0.00 6.879e-01 2.961e-01 2.030e-03 1.442e-03 6.630e-03 -1.000 1.602e-02 -3.623 -1.404 1.126 -2.808
0.015 0.00898 9.69897 1.2634236813 2.5151226521    1.158  3.389  3.5049  0.084    7  0.000  0.408   142.93    75.92    48.31    38.28    31.25  1 -1.36e-07      0.00 6.879e-01 2.961e-01 2.030e-03 1.442e-03 6.630e-03 -1.000 1.602e-02 -3.704 -1.351 1.296 -2.776
0.015 0.00898 9.69897 1.2634246349 2.5151226521    1.156  3.419  3.5005  0.036    7  0.000  0.408   157.80    82.78    52.47    41.63    34.00  1 -1.53e-07      0.00 6.879e-01 2.961e-01 2.030e-03 1.442e-03 6.630e-03 -1.000 1.602e-02 -3.778 -1.287 1.480 -2.733
0.015 0.00898 9.69897 1.2634258270 2.5151228905    1.154  3.447  3.4963 -0.010    7  0.528  0.408   173.50    89.92    56.78    45.11    36.85  1 -1.73e-07      0.00 6.879e-01 2.961e-01 2.030e-03 1.442e-03 6.630e-03 -1.000 1.602e-02 -3.848 -1.229 1.630 -2.690
0.015 0.00898 9.69897 1.2634267807 2.5151228905    1.151  3.462  3.4939 -0.036    8  0.528  0.429   182.86    94.13    59.31    47.16    38.52  1 -1.85e-07      0.00 6.879e-01 2.969e-01 2.137e-03 1.444e-03 6.646e-03 -1.000 1.518e-02 -3.886 -1.196 1.712 -2.666
0.015 0.00898 9.69897 1.2634268999 2.5151231289    1.151  3.208  3.5280  0.355    8  0.528  0.429    81.55    46.45    30.21    23.77    19.38  2 -6.57e-08      0.00 6.879e-01 2.969e-01 2.137e-03 1.444e-03 6.646e-03 -1.000 1.518e-02 -3.250 -1.574 0.378 -2.870
0.015 0.00898 9.69897 1.2634270191 2.5151231289    1.150  3.101  3.5421  0.518    8  0.528  0.429    58.25    34.60    22.81    17.87    14.56  2  -4.2e-08      0.00 6.879e-01 2.969e-01 2.137e-03 1.444e-03 6.646e-03 -1.000 1.518e-02 -2.984 -1.607 -0.019 -2.813
0.015 0.00898 9.69897 1.2634272575 2.5151231289    1.150  2.920  3.5661  0.795    8  0.528  0.429    32.82    20.95    14.12    10.98     8.94  3 -1.91e-08      0.00 6.879e-01 2.969e-01 2.137e-03 1.444e-03 6.646e-03 -1.000 1.518e-02 -2.529 -1.529 -0.373 -2.590
0.015 0.00898 9.69897 1.2634277344 2.5151231289    1.149  2.938  3.5634  0.766    8  0.528  0.429    34.90    22.10    14.87    11.57     9.42  2 -2.08e-08      0.00 6.879e-01 2.969e-01 2.137e-03 1.444e-03 6.646e-03 -1.000 1.518e-02 -2.576 -1.541 -0.348 -2.616
0.015 0.00898 9.69897 1.2634282112 2.5151231289    1.148  3.055  3.5476  0.585    8  0.528  0.429    50.65    30.62    20.29    15.87    12.93  2 -3.47e-08      0.00 6.879e-01 2.969e-01 2.137e-03 1.444e-03 6.646e-03 -1.000 1.518e-02 -2.868 -1.592 -0.123 -2.762
0.015 0.00898 9.69897 1.2634289265 2.5151233673    1.146  3.210  3.5267  0.346    8  0.528  0.429    83.06    47.19    30.67    24.14    19.69  2 -6.69e-08      0.00 6.879e-01 2.969e-01 2.137e-03 1.444e-03 6.646e-03 -1.000 1.518e-02 -3.256 -1.547 0.441 -2.850
0.015 0.00898 9.69897 1.2634297609 2.5151233673    1.145  3.341  3.5090  0.144    8  0.529  0.429   126.03    67.94    43.43    34.38    28.06  1 -1.15e-07      0.00 6.879e-01 2.969e-01 2.137e-03 1.444e-03 6.646e-03 -1.000 1.518e-02 -3.582 -1.351 1.187 -2.757
0.015 0.00898 9.69897 1.2634307146 2.5151233673    1.143  3.425  3.4975  0.013    8  0.529  0.429   165.07    86.01    54.40    43.21    35.29  1 -1.62e-07      0.00 6.879e-01 2.969e-01 2.137e-03 1.444e-03 6.646e-03 -1.000 1.518e-02 -3.792 -1.212 1.617 -2.669
0.015 0.00898 9.69897 1.2634317875 2.5151236057    1.140  3.467  3.4914 -0.055    8  0.529  0.429   189.86    97.18    61.13    48.64    39.73  1 -1.93e-07      0.00 6.879e-01 2.969e-01 2.137e-03 1.444e-03 6.646e-03 -1.000 1.518e-02 -3.898 -1.136 1.820 -2.615
0.015 0.00898 9.69897 1.2634329796 2.5151238441    1.138  3.485  3.4884 -0.085    8  0.530  0.429   200.62   102.64    64.41    51.30    41.91  1 -2.09e-07      0.00 6.879e-01 2.969e-01 2.137e-03 1.444e-03 6.646e-03 -1.000 1.518e-02 -3.942 -1.108 1.886 -2.595
0.015 0.00898 9.69897 1.2634342909 2.5151238441    1.135  3.493  3.4866 -0.102    8  0.530  0.429   205.50   105.69    66.23    52.77    43.12  1 -2.17e-07      0.00 6.879e-01 2.969e-01 2.137e-03 1.444e-03 6.646e-03 -1.000 1.518e-02 -3.963 -1.094 1.911 -2.584
0.015 0.00898 9.69897 1.2634342909 2.5151238441    1.135  3.304  3.5116  0.187    8  0.530  0.429   115.08    62.70    40.22    31.81    25.95  1 -1.01e-07      0.00 6.879e-01 2.969e-01 2.137e-03 1.444e-03 6.646e-03 -1.000 1.518e-02 -3.491 -1.340 1.118 -2.731
0.015 0.00898 9.69897 1.2634345293 2.5151238441    1.134  3.140  3.5334  0.438    8  0.530  0.429    68.44    39.82    26.07    20.48    16.69  2 -5.12e-08      0.00 6.879e-01 2.969e-01 2.137e-03 1.444e-03 6.646e-03 -1.000 1.518e-02 -3.080 -1.525 0.280 -2.787
0.015 0.00898 9.69897 1.2634347677 2.5151240826    1.134  2.959  3.5574  0.715    8  0.530  0.429    38.56    24.12    16.15    12.59    10.25  2 -2.36e-08      0.00 6.879e-01 2.969e-01 2.137e-03 1.444e-03 6.646e-03 -1.000 1.518e-02 -2.626 -1.506 -0.221 -2.616
0.015 0.00898 9.69897 1.2634352446 2.5151240826    1.133  2.977  3.5548  0.686    8  0.530  0.429    41.01    25.45    17.00    13.27    10.80  2 -2.57e-08      0.00 6.879e-01 2.969e-01 2.137e-03 1.444e-03 6.646e-03 -1.000 1.518e-02 -2.674 -1.513 -0.182 -2.639
0.015 0.00898 9.69897 1.2634358406 2.5151240826    1.131  3.093  3.5392  0.507    8  0.530  0.429    59.31    35.13    23.13    18.14    14.78  2 -4.24e-08      0.00 6.879e-01 2.969e-01 2.137e-03 1.444e-03 6.646e-03 -1.000 1.518e-02 -2.963 -1.533 0.120 -2.756
0.015 0.00898 9.69897 1.2634365559 2.5151240826    1.130  3.247  3.5186  0.271    8  0.531  0.429    96.74    53.86    34.79    27.45    22.39  2 -8.08e-08      0.00 6.879e-01 2.969e-01 2.137e-03 1.444e-03 6.646e-03 -1.000 1.518e-02 -3.347 -1.423 0.802 -2.774
0.015 0.00898 9.69897 1.2634373903 2.5151243210    1.127  3.376  3.5012  0.071    8  0.531  0.429   146.18    77.24    49.08    38.94    31.79  1 -1.38e-07      0.00 6.879e-01 2.969e-01 2.137e-03 1.444e-03 6.646e-03 -1.000 1.518e-02 -3.670 -1.207 1.532 -2.649
0.015 0.00898 9.69897 1.2634383440 2.5151243210    1.125  3.459  3.4898 -0.059    8  0.531  0.429   191.06    97.57    61.34    48.84    39.89  1 -1.93e-07      0.00 6.879e-01 2.969e-01 2.137e-03 1.444e-03 6.646e-03 -1.000 1.518e-02 -3.878 -1.075 1.905 -2.559
0.015 0.00898 9.69897 1.2634394169 2.5151245594    1.122  3.502  3.4838 -0.126    8  0.532  0.429   212.41   110.19    68.90    54.96    44.90  1 -2.31e-07      0.00 6.879e-01 2.969e-01 2.137e-03 1.444e-03 6.646e-03 -1.000 1.518e-02 -3.984 -1.058 1.964 -2.553
0.015 0.00898 9.69897 1.2634406090 2.5151247978    1.119  3.520  3.4809 -0.157    8  0.532  0.429   222.39   116.47    72.64    58.00    47.39  1  -2.5e-07      0.00 6.879e-01 2.969e-01 2.137e-03 1.444e-03 6.646e-03 -1.000 1.518e-02 -4.030 -1.044 1.996 -2.545
0.015 0.00898 9.69897 1.2634420395 2.5151247978    1.116  3.529  3.4792 -0.175    8  0.533  0.429   228.05   120.08    74.78    59.74    48.82  1 -2.61e-07      0.00 6.879e-01 2.969e-01 2.137e-03 1.444e-03 6.646e-03 -1.000 1.518e-02 -4.053 -1.035 2.016 -2.539
0.015 0.00898 9.69897 1.2634421587 2.5151247978    1.116  3.348  3.5034  0.103    8  0.533  0.429   136.48    72.67    46.29    36.71    29.96  1 -1.26e-07      0.00 6.879e-01 2.969e-01 2.137e-03 1.444e-03 6.646e-03 -1.000 1.518e-02 -3.600 -1.207 1.470 -2.638
0.015 0.00898 9.69897 1.2634422779 2.5151247978    1.115  3.185  3.5253  0.353    8  0.533  0.429    81.25    46.21    30.04    23.66    19.29  2 -6.48e-08      0.00 6.879e-01 2.969e-01 2.137e-03 1.444e-03 6.646e-03 -1.000 1.518e-02 -3.192 -1.446 0.581 -2.758
0.015 0.00898 9.69897 1.2634426355 2.5151250362    1.114  3.004  3.5495  0.631    8  0.533  0.429    45.68    27.95    18.59    14.53    11.83  2 -3.02e-08      0.00 6.879e-01 2.969e-01 2.137e-03 1.444e-03 6.646e-03 -1.000 1.518e-02 -2.739 -1.497 -0.071 -2.655
0.015 0.00898 9.69897 1.2634431124 2.5151250362    1.113  3.023  3.5469  0.601    8  0.533  0.429    48.59    29.50    19.57    15.31    12.47  2 -3.29e-08      0.00 6.879e-01 2.969e-01 2.137e-03 1.444e-03 6.646e-03 -1.000 1.518e-02 -2.786 -1.497 -0.014 -2.671
0.015 0.00898 9.69897 1.2634438276 2.5151250362    1.111  3.137  3.5314  0.425    8  0.533  0.429    70.04    40.58    26.53    20.87    17.00  2 -5.36e-08      0.00 6.879e-01 2.969e-01 2.137e-03 1.444e-03 6.646e-03 -1.000 1.518e-02 -3.071 -1.475 0.380 -2.749
0.015 0.00898 9.69897 1.2634446621 2.5151252747    1.108  3.287  3.5109  0.191    8  0.534  0.429   113.60    61.88    39.70    31.41    25.63  1    -1e-07      0.00 6.879e-01 2.969e-01 2.137e-03 1.444e-03 6.646e-03 -1.000 1.518e-02 -3.448 -1.273 1.207 -2.668
0.015 0.00898 9.69897 1.2634456158 2.5151252747    1.105  3.414  3.4935 -0.006    8  0.534  0.429   170.84    88.31    55.76    44.35    36.21  1 -1.69e-07      0.00 6.879e-01 2.969e-01 2.137e-03 1.444e-03 6.646e-03 -1.000 1.518e-02 -3.764 -1.072 1.830 -2.542
0.015 0.00898 9.69897 1.2634466887 2.5151255131    1.102  3.495  3.4821 -0.134    8  0.535  0.429   213.43   111.20    69.47    55.46    45.31  1 -2.35e-07      0.00 6.879e-01 2.969e-01 2.137e-03 1.444e-03 6.646e-03 -1.000 1.518e-02 -3.967 -1.010 2.019 -2.508
0.015 0.00898 9.69897 1.2634480000 2.5151255131    1.098  3.536  3.4761 -0.201    8  0.535  0.429   235.86   125.34    77.88    62.30    50.90  1  -2.8e-07      0.00 6.879e-01 2.969e-01 2.137e-03 1.444e-03 6.646e-03 -1.000 1.518e-02 -4.070 -1.004 2.064 -2.512
0.015 0.00898 9.69897 1.2634494305 2.5151257515    1.094  3.554  3.4733 -0.231    8  0.536  0.429   246.73   132.35    82.03    65.67    53.67  1 -3.03e-07      0.00 6.879e-01 2.969e-01 2.137e-03 1.444e-03 6.646e-03 -1.000 1.518e-02 -4.114 -1.001 2.085 -2.514
0.015 0.00898 9.69897 1.2634510994 2.5151259899    1.090  3.562  3.4717 -0.248    8  0.536  0.429   252.80   136.33    84.38    67.59    55.24  1 -3.17e-07      0.00 6.879e-01 2.969e-01 2.137e-03 1.444e-03 6.646e-03 -1.000 1.518e-02 -4.136 -0.995 2.101 -2.510
0.015 0.00898 9.69897 1.2634512186 2.5151259899    1.089  3.392  3.4950  0.015    8  0.537  0.429   163.06    84.66    53.53    42.58    34.76  1 -1.61e-07      0.00 6.879e-01 2.969e-01 2.137e-03 1.444e-03 6.646e-03 -1.000 1.518e-02 -3.710 -1.065 1.804 -2.529
0.015 0.00898 9.69897 1.2634513378 2.5151259899    1.088  3.230  3.5172  0.265    8  0.537  0.429    97.09    53.88    34.77    27.48    22.40  2  -8.4e-08      0.00 6.879e-01 2.969e-01 2.137e-03 1.444e-03 6.646e-03 -1.000 1.518e-02 -3.306 -1.336 0.934 -2.695
0.015 0.00898 9.69897 1.2634516954 2.5151259899    1.087  3.050  3.5420  0.545    8  0.537  0.429    54.35    32.49    21.45    16.83    13.70  2 -3.96e-08      0.00 6.879e-01 2.969e-01 2.137e-03 1.444e-03 6.646e-03 -1.000 1.518e-02 -2.854 -1.475 0.116 -2.681
0.015 0.00898 9.69897 1.2634522915 2.5151262283    1.085  3.068  3.5393  0.515    8  0.537  0.429    57.82    34.29    22.58    17.73    14.44  2 -4.31e-08      0.00 6.879e-01 2.969e-01 2.137e-03 1.444e-03 6.646e-03 -1.000 1.518e-02 -2.900 -1.470 0.181 -2.693
0.015 0.00898 9.69897 1.2634528875 2.5151262283    1.082  3.179  3.5237  0.340    8  0.537  0.429    83.01    46.99    30.50    24.06    19.61  2 -6.91e-08      0.00 6.879e-01 2.969e-01 2.137e-03 1.444e-03 6.646e-03 -1.000 1.518e-02 -3.178 -1.393 0.677 -2.714
0.015 0.00898 9.69897 1.2634538412 2.5151262283    1.079  3.326  3.5032  0.110    8  0.538  0.429   133.76    71.18    45.35    35.99    29.37  1 -1.27e-07      0.00 6.879e-01 2.969e-01 2.137e-03 1.444e-03 6.646e-03 -1.000 1.518e-02 -3.545 -1.146 1.534 -2.578
0.015 0.00898 9.69897 1.2634547949 2.5151264668    1.075  3.449  3.4857 -0.084    8  0.538  0.429   196.14   101.02    63.35    50.55    41.28  1  -2.1e-07      0.00 6.879e-01 2.969e-01 2.137e-03 1.444e-03 6.646e-03 -1.000 1.518e-02 -3.852 -0.972 2.030 -2.463
0.015 0.00898 9.69897 1.2634559870 2.5151264668    1.071  3.527  3.4743 -0.210    8  0.539  0.429   237.16   126.71    78.65    62.98    51.45  1  -2.9e-07      0.00 6.879e-01 2.969e-01 2.137e-03 1.444e-03 6.646e-03 -1.000 1.518e-02 -4.048 -0.956 2.121 -2.466
0.015 0.00898 9.69897 1.2634572983 2.5151267052    1.066  3.567  3.4683 -0.276    8  0.540  0.429   261.66   142.52    87.99    70.59    57.68  1 -3.43e-07      0.00 6.879e-01 2.969e-01 2.137e-03 1.444e-03 6.646e-03 -1.000 1.518e-02 -4.147 -0.957 2.158 -2.477
0.015 0.00898 9.69897 1.2634588480 2.5151269436    1.060  3.584  3.4655 -0.306    8  0.540  0.429   273.47   150.32    92.57    74.33    60.75  1 -3.71e-07      0.00 6.879e-01 2.969e-01 2.137e-03 1.444e-03 6.646e-03 -1.000 1.518e-02 -4.189 -0.959 2.174 -2.482
0.015 0.00898 9.69897 1.2634605169 2.5151271820    1.054  3.591  3.4639 -0.323    8  0.541  0.429   280.00   154.72    95.14    76.45    62.48  1 -3.89e-07      0.00 6.879e-01 2.969e-01 2.137e-03 1.444e-03 6.646e-03 -1.000 1.518e-02 -4.209 -0.956 2.188 -2.482
0.015 0.00898 9.69897 1.2634606361 2.5151271820    1.053  3.433  3.4863 -0.076    8  0.541  0.429   192.05    98.90    62.05    49.54    40.44  1 -2.09e-07      0.00 6.879e-01 2.969e-01 2.137e-03 1.444e-03 6.646e-03 -1.000 1.518e-02 -3.813 -0.945 2.052 -2.434
0.015 0.00898 9.69897 1.2634608746 2.5151271820    1.052  3.274  3.5088  0.174    8  0.541  0.429   116.56    62.99    40.33    31.98    26.08  1 -1.11e-07      0.00 6.879e-01 2.969e-01 2.137e-03 1.444e-03 6.646e-03 -1.000 1.518e-02 -3.414 -1.179 1.357 -2.585
0.015 0.00898 9.69897 1.2634612322 2.5151271820    1.050  3.093  3.5343  0.455    8  0.541  0.429    64.90    37.85    24.80    19.52    15.90  2  -5.3e-08      0.00 6.879e-01 2.969e-01 2.137e-03 1.444e-03 6.646e-03 -1.000 1.518e-02 -2.963 -1.428 0.351 -2.684
0.015 0.00898 9.69897 1.2634618282 2.5151271820    1.047  3.112  3.5315  0.424    8  0.542  0.429    69.18    40.01    26.14    20.60    16.78  2 -5.77e-08      0.00 6.879e-01 2.969e-01 2.137e-03 1.444e-03 6.646e-03 -1.000 1.518e-02 -3.009 -1.414 0.439 -2.688
0.015 0.00898 9.69897 1.2634625435 2.5151274204    1.043  3.220  3.5157  0.251    8  0.542  0.429    99.14    54.68    35.23    27.89    22.73  1 -9.13e-08      0.00 6.879e-01 2.969e-01 2.137e-03 1.444e-03 6.646e-03 -1.000 1.518e-02 -3.280 -1.263 1.055 -2.630
0.015 0.00898 9.69897 1.2634633780 2.5151274204    1.038  3.363  3.4949  0.023    8  0.543  0.429   159.11    82.44    52.13    41.53    33.88  1 -1.65e-07      0.00 6.879e-01 2.969e-01 2.137e-03 1.444e-03 6.646e-03 -1.000 1.518e-02 -3.636 -0.989 1.879 -2.454
0.015 0.00898 9.69897 1.2634644508 2.5151276588    1.032  3.482  3.4772 -0.170    8  0.543  0.429   219.97   116.59    72.58    58.13    47.46  1 -2.68e-07      0.00 6.879e-01 2.969e-01 2.137e-03 1.444e-03 6.646e-03 -1.000 1.518e-02 -3.935 -0.892 2.163 -2.398
0.015 0.00898 9.69897 1.2634657621 2.5151276588    1.025  3.558  3.4655 -0.295    8  0.544  0.429   265.83   146.06    89.99    72.33    59.09  1 -3.68e-07      0.00 6.879e-01 2.969e-01 2.137e-03 1.444e-03 6.646e-03 -1.000 1.518e-02 -4.125 -0.899 2.230 -2.422
0.015 0.00898 9.69897 1.2634671926 2.5151278973    1.017  3.596  3.4593 -0.362    8  0.545  0.429   293.56   164.42   100.75    81.14    66.30  1 -4.36e-07      0.01 6.879e-01 2.969e-01 2.137e-03 1.444e-03 6.646e-03 -1.000 1.518e-02 -4.221 -0.906 2.269 -2.437
0.015 0.00898 9.69897 1.2634688616 2.5151281357    1.008  3.612  3.4563 -0.394    8  0.545  0.429   307.41   173.82   106.23    85.64    69.99  0 -5.32e-07      0.01 6.879e-01 2.969e-01 2.137e-03 1.444e-03 6.646e-03 -1.000 1.518e-02 -4.261 -0.903 2.309 -2.440
0.015 0.00898 9.69897 1.2634706497 2.5151283741    0.999  3.620  3.4545 -0.413    8  0.546  0.429   315.46   179.43   109.47    88.33    72.19  0 -5.96e-07      0.01 6.879e-01 2.969e-01 2.137e-03 1.444e-03 6.646e-03 -1.000 1.518e-02 -4.280 -0.898 2.336 -2.438
0.015 0.00898 9.69897 1.2634707689 2.5151283741    0.998  3.475  3.4758 -0.183    8  0.546  0.429   221.90   118.44    73.63    59.05    48.21  1 -2.88e-07      0.00 6.879e-01 2.969e-01 2.137e-03 1.444e-03 6.646e-03 -1.000 1.518e-02 -3.919 -0.853 2.210 -2.361
0.015 0.00898 9.69897 1.2634708881 2.5151283741    0.996  3.318  3.4989  0.066    8  0.547  0.429   144.50    75.48    47.88    38.15    31.11  1 -1.56e-07      0.00 6.879e-01 2.969e-01 2.137e-03 1.444e-03 6.646e-03 -1.000 1.518e-02 -3.525 -0.998 1.788 -2.448
0.015 0.00898 9.69897 1.2634713650 2.5151283741    0.992  3.138  3.5253  0.349    8  0.547  0.429    79.91    45.17    29.32    23.19    18.89  2 -7.59e-08      0.00 6.879e-01 2.969e-01 2.137e-03 1.444e-03 6.646e-03 -1.000 1.518e-02 -3.076 -1.331 0.695 -2.642
0.015 0.00898 9.69897 1.2634718418 2.5151286125    0.986  3.156  3.5222  0.316    8  0.547  0.429    85.56    47.90    31.01    24.55    20.00  1 -8.32e-08      0.00 6.879e-01 2.969e-01 2.137e-03 1.444e-03 6.646e-03 -1.000 1.518e-02 -3.121 -1.296 0.821 -2.626
0.015 0.00898 9.69897 1.2634725571 2.5151286125    0.979  3.262  3.5058  0.142    8  0.548  0.429   122.97    65.52    41.81    33.27    27.12  1  -1.3e-07      0.00 6.879e-01 2.969e-01 2.137e-03 1.444e-03 6.646e-03 -1.000 1.518e-02 -3.385 -1.064 1.549 -2.483
0.015 0.00898 9.69897 1.2634735107 2.5151286125    0.970  3.400  3.4842 -0.086    8  0.548  0.429   189.32    98.71    61.82    49.50    40.39  1 -2.31e-07      0.00 6.879e-01 2.969e-01 2.137e-03 1.444e-03 6.646e-03 -1.000 1.518e-02 -3.729 -0.822 2.185 -2.315
0.015 0.00898 9.69897 1.2634745836 2.5151288509    0.959  3.515  3.4657 -0.280    8  0.549  0.429   253.79   139.77    86.16    69.37    56.64  1 -3.73e-07      0.00 6.879e-01 2.969e-01 2.137e-03 1.444e-03 6.646e-03 -1.000 1.518e-02 -4.018 -0.797 2.327 -2.320
0.015 0.00898 9.69897 1.2634757757 2.5151290894    0.947  3.589  3.4533 -0.409    8  0.549  0.429   307.64   175.77   107.21    86.65    70.78  0 -5.19e-07      0.01 6.879e-01 2.969e-01 2.137e-03 1.444e-03 6.646e-03 -1.000 1.518e-02 -4.201 -0.813 2.426 -2.354
0.015 0.00898 9.69897 1.2634772062 2.5151290894    0.934  3.626  3.4464 -0.480    8  0.550  0.429   341.19   199.08   120.71    97.79    79.90  0 -8.04e-07      0.02 6.879e-01 2.969e-01 2.137e-03 1.444e-03 6.646e-03 -1.000 1.518e-02 -4.294 -0.813 2.520 -2.367
0.015 0.00898 9.69897 1.2634787560 2.5151293278    0.918  3.641  3.4428 -0.517    8  0.551  0.429   332.63    -1.00    -1.00    -1.00    -1.00  0    -1e-06      0.03 6.879e-01 2.969e-01 2.137e-03 1.444e-03 6.646e-03 -1.000 1.518e-02 -4.333 -0.801 2.590 -2.363
0.015 0.00898 9.69897 1.2634805441 2.5151295662    0.902  3.649  3.4406 -0.541    8  0.552  0.429   321.86    -1.00    -1.00    -1.00    -1.00  0 -1.15e-06      0.03 6.879e-01 2.969e-01 2.137e-03 1.444e-03 6.646e-03 -1.000 1.518e-02 -4.352 -0.785 2.646 -2.352
0.015 0.00898 9.69897 1.2634806633 2.5151295662    0.900  3.518  3.4613 -0.329    8  0.552  0.429   267.13   150.09    92.10    74.40    60.73  0 -4.54e-07      0.01 6.879e-01 2.969e-01 2.137e-03 1.444e-03 6.646e-03 -1.000 1.518e-02 -4.025 -0.739 2.416 -2.268
0.015 0.00898 9.69897 1.2634807825 2.5151295662    0.896  3.363  3.4858 -0.077    8  0.552  0.429   181.40    95.21    59.62    47.85    39.01  1 -2.53e-07      0.00 6.879e-01 2.969e-01 2.137e-03 1.444e-03 6.646e-03 -1.000 1.518e-02 -3.638 -0.759 2.241 -2.249
0.015 0.00898 9.69897 1.2634812593 2.5151295662    0.889  3.184  3.5143  0.212    8  0.553  0.429   104.34    56.30    36.09    28.75    23.41  1 -1.27e-07      0.00 6.879e-01 2.969e-01 2.137e-03 1.444e-03 6.646e-03 -1.000 1.518e-02 -3.190 -1.124 1.246 -2.501
0.015 0.00898 9.69897 1.2634817362 2.5151298046    0.879  3.202  3.5112  0.177    8  0.553  0.429   112.16    59.84    38.25    30.51    24.84  1 -1.42e-07      0.00 6.879e-01 2.969e-01 2.137e-03 1.444e-03 6.646e-03 -1.000 1.518e-02 -3.235 -1.068 1.407 -2.462
0.015 0.00898 9.69897 1.2634824514 2.5151298046    0.866  3.304  3.4942  0.000    8  0.553  0.429   159.02    82.04    51.68    41.44    33.77  1 -2.23e-07      0.00 6.879e-01 2.969e-01 2.137e-03 1.444e-03 6.646e-03 -1.000 1.518e-02 -3.490 -0.816 2.073 -2.285
0.015 0.00898 9.69897 1.2634832859 2.5151298046    0.850  3.437  3.4718 -0.230    8  0.554  0.429   224.98   123.80    76.52    61.77    50.38  1 -3.94e-07      0.01 6.879e-01 2.969e-01 2.137e-03 1.444e-03 6.646e-03 -1.000 1.518e-02 -3.822 -0.686 2.406 -2.200
0.015 0.00898 9.69897 1.2634843588 2.5151300430    0.832  3.548  3.4528 -0.427    8  0.555  0.429   278.16    -1.00    -1.00    -1.00    -1.00  0 -6.41e-07      0.01 6.879e-01 2.969e-01 2.137e-03 1.444e-03 6.646e-03 -1.000 1.518e-02 -4.100 -0.694 2.560 -2.237
0.015 0.00898 9.69897 1.2634855509 2.5151302814    0.811  3.618  3.4405 -0.557    8  0.555  0.429   265.60    -1.00    -1.00    -1.00    -1.00  0 -1.19e-06      0.04 6.879e-01 2.969e-01 2.137e-03 1.444e-03 6.646e-03 -1.000 1.518e-02 -4.276 -0.699 2.742 -2.268
0.015 0.00898 9.69897 1.2634869814 2.5151302814    0.788  3.654  3.4346 -0.629    8  0.556  0.429   251.94    -1.00    -1.00    -1.00    -1.00  0  -1.9e-06      0.08 6.879e-01 2.969e-01 2.137e-03 1.444e-03 6.646e-03 -1.000 1.518e-02 -4.365 -0.668 2.909 -2.256
0.015 0.00898 9.69897 1.2634885311 2.5151305199    0.762  3.669  3.4330 -0.665    8  0.557  0.429   237.40    -1.00    -1.00    -1.00    -1.00  0 -2.45e-06      0.12 6.879e-01 2.969e-01 2.137e-03 1.444e-03 6.646e-03 -1.000 1.518e-02 -4.402 -0.628 3.018 -2.227
0.015 0.00898 9.69897 1.2634902000 2.5151307583    0.735  3.676  3.4338 -0.685    8  0.558  0.429   222.20    -1.00    -1.00    -1.00    -1.00  0 -2.93e-06      0.16 6.879e-01 2.969e-01 2.137e-03 1.444e-03 6.646e-03 -1.000 1.518e-02 -4.420 -0.584 3.100 -2.191
0.015 0.00898 9.69897 1.2634968758 2.5151314735    0.562 -9.999  4.0000  1.655    9  0.562  0.000     0.00     0.00     0.00     0.00     0.00 -1    -1e-30      0.00 6.879e-01 2.969e-01 2.137e-03 1.444e-03 6.646e-03 -1.000 1.518e-02 29.767 30.276 30.314 30.186
#isochrone terminated
